START		STOP		LABEL
0.080000	12.540000	1
12.740000	15.580000	2
15.690000	19.950000	3
20.070000	24.320000	4
24.430000	27.800000	5
27.920000	30.810000	6
31.030000	34.790000	7
34.910000	37.970000	8
38.130000	38.160000	9
38.300000	41.000000	10
41.110000	45.250000	11
45.410000	49.300000	12
49.440000	49.480000	13
49.620000	51.600000	14
51.730000	59.310000	15
59.420000	61.550000	16
61.660000	63.180000	17
63.320000	65.260000	18
65.400000	65.410000	19
66.010000	66.030000	20
66.180000	68.130000	21
68.250000	73.130000	22
73.250000	73.960000	23
74.080000	83.680000	24
83.800000	87.710000	25
87.860000	91.120000	26
91.350000	91.530000	27
91.890000	91.910000	28
92.020000	95.450000	29
95.620000	98.960000	30
99.070000	99.170000	31
99.280000	103.130000	32
103.280000	104.540000	33
104.700000	107.470000	34
107.600000	108.220000	35
108.400000	110.760000	36
110.910000	112.260000	37
112.490000	115.410000	38
115.560000	115.720000	39
115.960000	117.880000	40
117.990000	119.290000	41
119.650000	119.660000	42
120.250000	122.390000	43
122.500000	123.610000	44
123.740000	125.440000	45
125.720000	126.750000	46
126.900000	128.900000	47
129.080000	129.650000	48
129.950000	130.130000	49
130.350000	131.030000	50
131.140000	132.700000	51
132.820000	132.920000	52
133.050000	133.940000	53
134.060000	135.920000	54
136.110000	136.220000	55
136.350000	137.220000	56
137.800000	139.720000	57
139.980000	140.330000	58
140.450000	143.340000	59
143.640000	143.670000	60
144.120000	145.660000	61
146.120000	146.870000	62
147.170000	147.240000	63
147.350000	147.440000	64
147.690000	148.690000	65
149.360000	151.170000	66
151.460000	151.700000	67
151.810000	154.090000	68
154.320000	155.580000	69
155.830000	157.920000	70
158.340000	158.360000	71
158.490000	165.790000	72
165.910000	165.930000	73
166.040000	167.170000	74
167.300000	167.670000	75
167.780000	167.840000	76
168.090000	172.180000	77
172.480000	174.200000	78
174.370000	177.150000	79
177.300000	179.280000	80
179.410000	179.920000	81
180.030000	180.060000	82
180.190000	181.990000	83
182.100000	183.250000	84
183.650000	183.660000	85
184.040000	184.480000	86
184.930000	187.440000	87
187.560000	187.570000	88
187.720000	193.000000	89
193.170000	193.210000	90
193.340000	194.310000	91
195.030000	198.850000	92
199.000000	200.270000	93
200.410000	202.770000	94
203.350000	204.110000	95
204.220000	204.740000	96
204.850000	205.230000	97
205.410000	206.240000	98
206.350000	207.480000	99
207.670000	207.840000	100
208.000000	209.000000	101
209.110000	210.530000	102
210.670000	210.920000	103
211.070000	214.710000	104
214.980000	215.040000	105
215.360000	217.350000	106
217.550000	218.850000	107
218.960000	219.160000	108
219.280000	220.810000	109
220.960000	221.270000	110
221.500000	222.070000	111
222.230000	222.330000	112
222.500000	224.980000	113
225.210000	225.370000	114
225.640000	225.980000	115
226.160000	226.760000	116
226.910000	228.470000	117
228.610000	228.750000	118
228.930000	230.120000	119
230.320000	230.650000	120
230.760000	231.810000	121
231.920000	232.160000	122
232.280000	233.040000	123
233.170000	233.720000	124
233.900000	236.100000	125
236.250000	236.650000	126
236.760000	239.710000	127
239.860000	240.850000	128
241.000000	246.430000	129
246.570000	248.230000	130
248.340000	248.350000	131
248.480000	251.760000	132
251.880000	252.010000	133
252.120000	254.530000	134
254.650000	254.720000	135
254.860000	256.250000	136
256.540000	256.550000	137
256.930000	258.220000	138
258.350000	259.390000	139
259.540000	259.600000	140
259.780000	260.420000	141
260.620000	261.840000	142
262.050000	262.160000	143
262.310000	262.840000	144
262.990000	263.700000	145
263.860000	266.860000	146
267.000000	268.610000	147
268.890000	271.760000	148
271.910000	272.000000	149
272.150000	274.000000	150
274.130000	275.100000	151
275.240000	276.410000	152
276.850000	278.930000	153
279.110000	279.120000	154
279.250000	279.810000	155
280.240000	280.680000	156
281.040000	281.420000	157
281.590000	284.860000	158
285.040000	285.130000	159
285.300000	286.680000	160
287.150000	288.680000	161
288.810000	288.830000	162
288.950000	290.110000	163
290.230000	290.670000	164
290.800000	290.920000	165
291.040000	291.100000	166
291.240000	292.520000	167
292.630000	294.670000	168
294.830000	297.410000	169
297.630000	297.680000	170
298.080000	300.810000	171
301.040000	302.280000	172
302.520000	302.570000	173
302.730000	303.850000	174
304.210000	306.310000	175
306.550000	311.080000	176
311.200000	312.130000	177
312.550000	312.800000	178
312.910000	313.660000	179
313.780000	314.520000	180
314.930000	315.340000	181
315.560000	315.770000	182
316.020000	316.040000	183
316.320000	317.150000	184
317.530000	317.540000	185
317.940000	317.950000	186
318.330000	319.040000	187
319.770000	320.470000	188
320.680000	320.710000	189
320.840000	325.250000	190
325.460000	326.740000	191
326.940000	328.150000	192
328.360000	328.530000	193
328.830000	329.080000	194
329.190000	330.350000	195
330.520000	331.780000	196
331.960000	332.000000	197
332.340000	336.200000	198
336.330000	337.430000	199
337.550000	338.520000	200
339.290000	342.270000	201
342.470000	344.180000	202
344.310000	344.630000	203
344.750000	345.070000	204
345.210000	345.820000	205
345.980000	347.460000	206
347.610000	353.360000	207
353.480000	356.900000	208
357.250000	357.290000	209
357.400000	360.080000	210
360.250000	360.380000	211
360.540000	361.100000	212
361.220000	361.600000	213
362.060000	362.590000	214
362.980000	363.500000	215
363.630000	365.130000	216
365.430000	369.520000	217
369.730000	369.740000	218
369.880000	371.410000	219
371.570000	372.700000	220
372.890000	374.330000	221
374.610000	375.380000	222
375.570000	378.030000	223
378.160000	380.880000	224
381.020000	381.040000	225
381.160000	382.110000	226
382.240000	382.320000	227
382.460000	383.990000	228
384.460000	385.860000	229
386.130000	386.230000	230
386.740000	388.710000	231
388.950000	388.980000	232
389.150000	389.160000	233
389.270000	389.900000	234
390.070000	390.590000	235
390.950000	391.000000	236
391.110000	392.770000	237
392.900000	393.970000	238
394.270000	395.490000	239
395.760000	397.020000	240
397.270000	397.300000	241
397.410000	398.350000	242
398.490000	398.570000	243
398.740000	399.410000	244
399.820000	399.860000	245
399.990000	400.600000	246
400.730000	400.750000	247
400.860000	401.480000	248
401.780000	401.890000	249
402.030000	402.560000	250
402.980000	404.330000	251
404.490000	404.710000	252
404.820000	406.640000	253
406.800000	406.810000	254
407.040000	407.550000	255
407.800000	407.810000	256
407.970000	409.040000	257
409.150000	409.650000	258
409.840000	409.850000	259
410.040000	410.390000	260
410.810000	411.240000	261
411.430000	411.440000	262
411.560000	412.370000	263
412.510000	413.070000	264
413.210000	414.610000	265
414.720000	414.860000	266
415.000000	415.510000	267
415.620000	415.660000	268
415.770000	415.790000	269
415.920000	415.970000	270
416.220000	416.270000	271
416.380000	418.680000	272
418.790000	420.750000	273
421.020000	423.610000	274
423.730000	424.960000	275
425.230000	426.180000	276
426.420000	427.680000	277
427.830000	430.830000	278
430.940000	437.470000	279
437.580000	438.830000	280
438.990000	440.030000	281
440.180000	441.340000	282
441.480000	442.270000	283
442.380000	442.490000	284
442.630000	446.420000	285
446.540000	446.700000	286
446.830000	448.940000	287
449.200000	449.230000	288
449.360000	450.230000	289
450.380000	452.210000	290
452.350000	455.310000	291
455.480000	455.600000	292
455.710000	455.740000	293
455.850000	457.290000	294
457.500000	457.510000	295
457.670000	460.590000	296
460.700000	460.910000	297
461.020000	462.980000	298
463.150000	463.420000	299
463.550000	471.990000	300
472.120000	473.070000	301
473.190000	475.060000	302
475.180000	477.040000	303
477.250000	478.010000	304
478.160000	479.100000	305
479.270000	479.360000	306
479.540000	480.010000	307
480.230000	480.240000	308
480.430000	482.370000	309
482.480000	483.950000	310
484.070000	486.310000	311
486.430000	486.490000	312
486.600000	486.610000	313
486.750000	486.770000	314
486.900000	487.200000	315
487.320000	489.120000	316
489.530000	492.760000	317
492.910000	494.020000	318
494.140000	495.080000	319
495.280000	498.060000	320
498.200000	504.860000	321
505.050000	505.600000	322
505.810000	505.820000	323
505.930000	506.380000	324
506.540000	509.070000	325
509.180000	509.810000	326
510.020000	510.920000	327
511.100000	515.580000	328
515.980000	515.990000	329
516.140000	516.330000	330
516.580000	516.650000	331
516.820000	517.020000	332
517.140000	517.280000	333
517.460000	518.470000	334
518.610000	519.580000	335
519.840000	520.490000	336
520.680000	520.760000	337
520.970000	521.650000	338
521.860000	521.960000	339
522.200000	526.470000	340
526.620000	526.760000	341
526.900000	527.470000	342
527.800000	529.280000	343
529.570000	529.590000	344
529.730000	529.740000	345
529.870000	530.360000	346
530.470000	530.520000	347
530.750000	530.770000	348
530.890000	531.400000	349
531.750000	532.170000	350
532.540000	535.940000	351
536.070000	536.150000	352
536.540000	537.110000	353
537.250000	538.560000	354
538.760000	538.790000	355
538.980000	539.170000	356
539.300000	541.230000	357
541.640000	542.410000	358
542.570000	544.360000	359
544.570000	544.720000	360
544.870000	545.310000	361
545.460000	545.500000	362
545.730000	545.770000	363
545.960000	546.380000	364
546.600000	547.620000	365
547.780000	547.850000	366
548.020000	548.840000	367
549.180000	549.290000	368
549.460000	549.890000	369
550.170000	551.740000	370
551.860000	554.510000	371
554.750000	554.830000	372
555.040000	557.220000	373
557.390000	559.260000	374
559.380000	560.820000	375
560.950000	563.590000	376
563.700000	564.700000	377
564.830000	564.850000	378
565.100000	565.570000	379
565.790000	565.940000	380
566.070000	566.540000	381
567.000000	569.590000	382
569.730000	570.600000	383
570.770000	572.310000	384
572.440000	572.660000	385
572.850000	573.580000	386
573.710000	573.750000	387
574.000000	574.920000	388
575.170000	575.320000	389
575.440000	576.800000	390
576.920000	577.660000	391
577.770000	578.320000	392
578.600000	578.960000	393
579.150000	579.940000	394
580.110000	580.210000	395
580.400000	582.600000	396
582.730000	583.960000	397
584.240000	588.620000	398
588.880000	591.380000	399
591.490000	592.100000	400
592.310000	592.390000	401
592.520000	595.250000	402
595.590000	596.520000	403
596.750000	596.790000	404
597.010000	597.070000	405
597.230000	597.380000	406
597.610000	597.750000	407
597.890000	598.600000	408
598.750000	598.950000	409
599.070000	599.100000	410
599.210000	599.840000	411
599.950000	600.090000	412
600.220000	602.300000	413
602.450000	602.720000	414
602.850000	603.550000	415
603.720000	603.770000	416
603.980000	604.770000	417
604.980000	605.610000	418
605.750000	607.530000	419
607.640000	607.660000	420
607.800000	608.790000	421
608.950000	611.520000	422
611.700000	613.100000	423
613.320000	618.670000	424
618.800000	618.920000	425
619.030000	620.810000	426
621.200000	624.860000	427
624.980000	625.050000	428
625.180000	625.400000	429
625.630000	636.110000	430
636.260000	637.400000	431
637.540000	640.290000	432
640.420000	640.630000	433
640.740000	640.750000	434
640.870000	641.370000	435
641.580000	642.110000	436
642.280000	643.060000	437
643.180000	643.950000	438
644.060000	644.860000	439
645.020000	646.320000	440
646.710000	652.320000	441
652.460000	652.490000	442
652.630000	656.530000	443
656.680000	664.050000	444
664.190000	667.340000	445
667.510000	669.960000	446
670.220000	670.250000	447
670.380000	670.430000	448
670.710000	670.900000	449
671.240000	671.780000	450
671.890000	672.570000	451
672.760000	672.800000	452
672.940000	673.100000	453
673.210000	674.990000	454
675.130000	675.140000	455
675.340000	676.120000	456
676.250000	677.000000	457
677.170000	677.520000	458
677.650000	677.820000	459
678.250000	678.300000	460
678.500000	679.640000	461
680.030000	680.810000	462
680.930000	681.200000	463
681.410000	683.620000	464
683.770000	688.190000	465
688.480000	691.210000	466
691.390000	693.240000	467
693.720000	693.730000	468
693.890000	696.990000	469
697.150000	702.110000	470
702.330000	702.370000	471
702.620000	703.250000	472
703.520000	705.470000	473
705.580000	706.350000	474
706.460000	708.490000	475
708.650000	710.610000	476
710.870000	712.490000	477
712.640000	712.750000	478
713.070000	713.400000	479
714.080000	714.530000	480
715.140000	715.630000	481
715.840000	715.960000	482
716.170000	716.880000	483
717.060000	717.140000	484
717.250000	717.740000	485
717.980000	718.030000	486
718.180000	718.900000	487
719.500000	719.510000	488
719.680000	719.940000	489
720.700000	721.150000	490
721.460000	721.470000	491
721.710000	722.100000	492
722.340000	725.120000	493
725.240000	726.110000	494
726.470000	726.580000	495
726.760000	728.850000	496
728.990000	733.020000	497
733.300000	733.430000	498
733.600000	733.660000	499
733.840000	734.400000	500
734.710000	734.720000	501
734.950000	735.490000	502
735.830000	736.460000	503
736.710000	737.790000	504
737.920000	738.480000	505
738.640000	740.360000	506
740.530000	741.250000	507
741.600000	742.400000	508
742.640000	742.760000	509
742.890000	745.160000	510
745.290000	745.310000	511
745.430000	745.630000	512
745.790000	746.940000	513
747.120000	747.140000	514
747.270000	748.020000	515
748.190000	748.200000	516
748.360000	748.860000	517
749.380000	749.860000	518
750.280000	754.760000	519
754.950000	755.130000	520
755.250000	764.120000	521
764.230000	765.320000	522
765.730000	768.460000	523
768.710000	769.230000	524
769.690000	771.220000	525
771.360000	772.990000	526
773.200000	773.700000	527
774.110000	774.750000	528
774.900000	776.310000	529
776.450000	776.520000	530
776.670000	778.600000	531
778.730000	779.230000	532
779.530000	779.560000	533
779.720000	790.280000	534
790.450000	790.620000	535
790.740000	794.950000	536
795.160000	795.730000	537
795.840000	795.970000	538
796.130000	800.480000	539
800.590000	801.180000	540
801.440000	802.180000	541
802.310000	807.510000	542
807.630000	808.690000	543
808.850000	812.980000	544
813.100000	814.140000	545
814.320000	819.290000	546
819.440000	819.490000	547
819.650000	821.520000	548
821.700000	823.320000	549
823.460000	823.590000	550
823.700000	826.540000	551
826.710000	827.470000	552
827.590000	828.690000	553
829.110000	829.430000	554
830.090000	830.330000	555
830.470000	830.970000	556
831.380000	831.390000	557
831.600000	831.720000	558
831.890000	831.930000	559
832.040000	832.100000	560
832.240000	832.900000	561
833.340000	834.550000	562
834.660000	834.850000	563
834.970000	836.560000	564
836.730000	837.390000	565
837.580000	837.590000	566
837.740000	841.640000	567
841.880000	843.810000	568
843.940000	843.950000	569
844.100000	846.310000	570
846.580000	849.460000	571
849.620000	851.210000	572
851.360000	856.340000	573
856.480000	858.780000	574
858.990000	859.870000	575
859.980000	861.260000	576
861.420000	862.570000	577
862.680000	864.490000	578
864.600000	864.780000	579
864.890000	865.460000	580
865.670000	868.160000	581
868.330000	870.000000	582
870.110000	871.350000	583
871.470000	873.360000	584
873.510000	874.990000	585
875.130000	878.150000	586
878.280000	879.070000	587
879.210000	882.160000	588
882.370000	882.680000	589
882.810000	883.080000	590
883.250000	884.980000	591
885.150000	885.300000	592
885.530000	886.570000	593
886.690000	888.230000	594
888.360000	895.060000	595
895.450000	896.430000	596
896.570000	897.690000	597
897.920000	899.010000	598
899.140000	911.960000	599
912.110000	913.800000	600
913.910000	914.990000	601
915.120000	917.300000	602
917.440000	918.290000	603
918.440000	920.220000	604
920.340000	925.290000	605
925.400000	926.920000	606
927.050000	927.060000	607
927.440000	928.500000	608
928.880000	929.230000	609
929.490000	931.690000	610
931.810000	932.180000	611
932.290000	932.460000	612
932.570000	932.940000	613
933.070000	933.820000	614
933.930000	934.250000	615
934.370000	939.250000	616
939.410000	940.860000	617
940.990000	941.170000	618
941.290000	942.190000	619
942.370000	943.660000	620
943.790000	943.910000	621
944.020000	945.350000	622
945.480000	945.880000	623
946.040000	947.170000	624
947.330000	947.660000	625
947.840000	948.780000	626
948.900000	952.710000	627
952.910000	953.950000	628
954.070000	956.190000	629
956.450000	956.520000	630
956.670000	958.360000	631
958.560000	960.520000	632
960.790000	962.870000	633
962.980000	963.280000	634
963.440000	964.660000	635
964.850000	965.730000	636
966.040000	971.460000	637
971.590000	972.910000	638
973.020000	998.910000	639
999.040000	999.360000	640
999.510000	1000.250000	641
1000.370000	1000.600000	642
1000.770000	1002.190000	643
1002.310000	1003.570000	644
1003.680000	1004.940000	645
1005.100000	1007.800000	646
1007.910000	1008.590000	647
1008.760000	1009.370000	648
1009.570000	1010.320000	649
1010.440000	1015.170000	650
1015.280000	1021.750000	651
1022.510000	1024.610000	652
1024.760000	1027.150000	653
1027.270000	1028.760000	654
1028.910000	1029.040000	655
1029.160000	1029.470000	656
1029.610000	1032.590000	657
1032.700000	1034.840000	658
1034.980000	1039.110000	659
1039.270000	1046.380000	660
1046.710000	1046.760000	661
1046.900000	1047.280000	662
1047.670000	1051.080000	663
1051.190000	1052.240000	664
1052.420000	1053.580000	665
1053.690000	1054.500000	666
1054.700000	1057.600000	667
1057.760000	1057.800000	668
1057.920000	1064.230000	669
1064.410000	1069.560000	670
1069.670000	1074.800000	671
1074.910000	1078.400000	672
1078.590000	1085.480000	673
1085.590000	1085.640000	674
1085.760000	1096.060000	675
1096.170000	1096.470000	676
1096.580000	1096.770000	677
1097.140000	1099.870000	678
1100.070000	1110.590000	679
1110.710000	1113.720000	680
1113.830000	1115.560000	681
1115.690000	1117.210000	682
1117.390000	1120.580000	683
1120.690000	1125.110000	684
1125.250000	1131.730000	685
1131.840000	1132.000000	686
1132.140000	1135.070000	687
1135.240000	1137.050000	688
1137.160000	1137.970000	689
1138.080000	1138.940000	690
1139.050000	1139.580000	691
1139.970000	1141.000000	692
1141.140000	1142.510000	693
1142.660000	1142.760000	694
1142.890000	1143.880000	695
1144.330000	1145.060000	696
1145.300000	1145.460000	697
1145.630000	1146.630000	698
1146.930000	1147.120000	699
1147.390000	1148.460000	700
1148.660000	1148.810000	701
1148.950000	1149.600000	702
1149.790000	1151.400000	703
1151.530000	1155.510000	704
1155.660000	1157.130000	705
1157.320000	1158.350000	706
1158.490000	1159.100000	707
1159.220000	1160.910000	708
1161.060000	1161.280000	709
1161.450000	1162.300000	710
1162.450000	1162.950000	711
1163.090000	1164.150000	712
1164.270000	1165.120000	713
1165.300000	1167.590000	714
1167.780000	1168.750000	715
1168.860000	1170.170000	716
1170.360000	1171.230000	717
1171.340000	1172.630000	718
1172.820000	1174.580000	719
1174.720000	1175.360000	720
1175.560000	1181.620000	721
1181.910000	1182.060000	722
1182.200000	1184.760000	723
1184.900000	1186.410000	724
1186.640000	1187.470000	725
1187.810000	1195.950000	726
1196.070000	1197.590000	727
1197.740000	1197.840000	728
1198.010000	1199.180000	729
1199.300000	1199.800000	730
1199.940000	1199.960000	731
1200.190000	1200.570000	732
1200.800000	1202.730000	733
1202.850000	1204.960000	734
1205.240000	1206.330000	735
1206.620000	1211.440000	736
1211.800000	1213.150000	737
1213.380000	1213.390000	738
1213.740000	1215.050000	739
1215.240000	1215.320000	740
1215.600000	1217.220000	741
1217.390000	1219.410000	742
1219.540000	1219.940000	743
1220.220000	1221.310000	744
1221.720000	1221.780000	745
1222.080000	1222.110000	746
1222.250000	1224.010000	747
1224.140000	1232.040000	748
1232.150000	1234.670000	749
1234.830000	1237.770000	750
1237.890000	1239.220000	751
1239.340000	1239.430000	752
1239.560000	1244.860000	753
1245.220000	1245.660000	754
1245.910000	1246.180000	755
1246.350000	1246.510000	756
1246.650000	1246.680000	757
1246.880000	1246.970000	758
1247.250000	1248.700000	759
1248.820000	1248.830000	760
1248.940000	1249.810000	761
1250.030000	1250.050000	762
1250.170000	1250.280000	763
1250.520000	1250.840000	764
1251.000000	1251.010000	765
1251.720000	1255.410000	766
1255.560000	1256.810000	767
1256.930000	1257.640000	768
1257.800000	1258.020000	769
1258.260000	1258.900000	770
1259.850000	1259.920000	771
1260.200000	1260.230000	772
1260.430000	1261.300000	773
1261.540000	1264.100000	774
1264.300000	1264.890000	775
1265.090000	1269.680000	776
1269.870000	1269.910000	777
1270.350000	1270.810000	778
1271.090000	1271.190000	779
1271.330000	1271.660000	780
1271.770000	1272.220000	781
1272.380000	1272.430000	782
1272.550000	1273.090000	783
1274.200000	1274.580000	784
1274.830000	1274.850000	785
1275.210000	1275.220000	786
1275.670000	1276.420000	787
1276.770000	1276.900000	788
1277.250000	1281.760000	789
1281.910000	1284.200000	790
1284.510000	1284.640000	791
1284.770000	1289.110000	792
1289.220000	1290.460000	793
1290.800000	1291.020000	794
1291.140000	1291.990000	795
1292.110000	1293.500000	796
1293.770000	1293.780000	797
1294.050000	1295.290000	798
1295.600000	1296.080000	799
1296.250000	1298.010000	800
1298.250000	1298.380000	801
1298.620000	1298.630000	802
1298.750000	1298.760000	803
1298.870000	1299.400000	804
1299.520000	1302.990000	805
1303.110000	1303.450000	806
1303.880000	1303.900000	807
1304.040000	1304.900000	808
1305.130000	1305.160000	809
1305.390000	1305.900000	810
1306.040000	1306.940000	811
1307.080000	1308.490000	812
1308.640000	1311.540000	813
1311.660000	1312.400000	814
1312.550000	1312.680000	815
1312.790000	1313.540000	816
1313.730000	1313.960000	817
1314.090000	1315.820000	818
1316.040000	1316.820000	819
1317.100000	1317.940000	820
1318.080000	1319.820000	821
1319.940000	1320.080000	822
1320.260000	1320.830000	823
1321.030000	1323.600000	824
1323.810000	1326.840000	825
1326.950000	1335.700000	826
1335.820000	1335.900000	827
1336.070000	1337.260000	828
1337.980000	1343.560000	829
1343.870000	1347.530000	830
1347.750000	1352.610000	831
1352.770000	1356.070000	832
1356.260000	1361.570000	833
1361.750000	1362.130000	834
1362.430000	1363.380000	835
1363.550000	1365.580000	836
1365.700000	1366.080000	837
1366.200000	1366.580000	838
1366.820000	1369.550000	839
1370.070000	1370.720000	840
1370.830000	1370.940000	841
1371.080000	1379.640000	842
1379.810000	1380.160000	843
1380.650000	1381.780000	844
1381.950000	1382.180000	845
1382.410000	1383.090000	846
1383.250000	1383.450000	847
1383.600000	1384.740000	848
1384.880000	1386.010000	849
1386.670000	1390.310000	850
1390.460000	1392.140000	851
1392.270000	1392.860000	852
1392.990000	1393.150000	853
1393.330000	1395.550000	854
1395.720000	1396.390000	855
1396.810000	1397.370000	856
1397.700000	1398.630000	857
1398.770000	1398.920000	858
1399.050000	1399.120000	859
1399.230000	1399.750000	860
1399.930000	1400.480000	861
1400.650000	1402.330000	862
1402.480000	1402.620000	863
1402.850000	1406.460000	864
1406.710000	1410.610000	865
1410.750000	1411.560000	866
1411.780000	1412.390000	867
1412.530000	1412.670000	868
1412.780000	1414.210000	869
1414.360000	1416.120000	870
1416.240000	1416.350000	871
1416.470000	1417.070000	872
1417.250000	1417.260000	873
1417.590000	1417.760000	874
1417.930000	1418.730000	875
1418.840000	1419.220000	876
1419.350000	1419.540000	877
1419.830000	1420.330000	878
1420.460000	1420.740000	879
1421.180000	1422.540000	880
1422.720000	1422.730000	881
1422.910000	1426.750000	882
1427.070000	1427.090000	883
1427.390000	1427.820000	884
1428.010000	1428.090000	885
1428.200000	1428.270000	886
1428.520000	1429.260000	887
1429.410000	1429.470000	888
1429.740000	1429.760000	889
1429.910000	1430.850000	890
1431.180000	1431.230000	891
1431.450000	1431.560000	892
1431.760000	1431.820000	893
1431.930000	1431.940000	894
1432.070000	1432.440000	895
1432.670000	1432.700000	896
1433.370000	1436.370000	897
1436.560000	1437.700000	898
1437.870000	1442.750000	899
1442.870000	1444.300000	900
1444.430000	1444.460000	901
1444.610000	1447.220000	902
1447.390000	1448.730000	903
1448.850000	1450.390000	904
1450.530000	1450.690000	905
1450.820000	1455.190000	906
1455.300000	1456.910000	907
1457.110000	1459.180000	908
1459.470000	1460.150000	909
1460.260000	1461.220000	910
1461.550000	1461.570000	911
1461.780000	1464.940000	912
1465.140000	1468.530000	913
1468.880000	1468.890000	914
1469.010000	1480.160000	915
1480.860000	1480.870000	916
1481.000000	1481.740000	917
1482.270000	1482.740000	918
1483.430000	1484.140000	919
1485.260000	1486.260000	920
1486.490000	1486.680000	921
1486.860000	1486.880000	922
1487.140000	1488.030000	923
1488.310000	1488.520000	924
1488.780000	1489.180000	925
1489.470000	1489.700000	926
1490.020000	1492.230000	927
1492.350000	1493.840000	928
1494.000000	1494.170000	929
1494.380000	1496.040000	930
1496.490000	1496.500000	931
1496.640000	1497.590000	932
1497.880000	1498.080000	933
1498.560000	1498.620000	934
1498.790000	1499.620000	935
1499.940000	1500.850000	936
1500.990000	1501.000000	937
1501.210000	1503.820000	938
1504.140000	1504.200000	939
1504.360000	1504.940000	940
1505.100000	1505.370000	941
1505.530000	1505.580000	942
1505.690000	1507.090000	943
1507.280000	1507.460000	944
1507.630000	1509.560000	945
1509.670000	1509.880000	946
1510.040000	1511.200000	947
1511.320000	1511.730000	948
1511.880000	1514.410000	949
1514.690000	1516.250000	950
1516.410000	1521.850000	951
1521.990000	1522.970000	952
1523.120000	1523.220000	953
1523.340000	1525.960000	954
1526.120000	1528.110000	955
1528.270000	1530.040000	956
1530.190000	1530.490000	957
1530.640000	1531.840000	958
1532.010000	1533.010000	959
1533.160000	1534.110000	960
1534.380000	1534.410000	961
1534.520000	1535.820000	962
1535.990000	1536.030000	963
1536.240000	1536.860000	964
1536.990000	1537.910000	965
1538.060000	1538.080000	966
1538.240000	1540.010000	967
1540.160000	1540.570000	968
1540.870000	1541.380000	969
1541.550000	1541.970000	970
1542.140000	1543.100000	971
1543.270000	1543.680000	972
1543.860000	1543.870000	973
1543.980000	1544.340000	974
1544.470000	1548.220000	975
1548.400000	1548.410000	976
1548.550000	1549.240000	977
1549.390000	1549.450000	978
1549.580000	1550.840000	979
1550.970000	1550.980000	980
1551.090000	1551.810000	981
1551.950000	1551.970000	982
1552.100000	1552.780000	983
1553.080000	1553.310000	984
1553.450000	1553.590000	985
1553.800000	1554.040000	986
1554.150000	1554.170000	987
1554.290000	1555.960000	988
1556.070000	1556.300000	989
1556.430000	1557.480000	990
1557.640000	1559.970000	991
1560.090000	1560.530000	992
1560.640000	1560.770000	993
1560.930000	1561.390000	994
1561.500000	1563.400000	995
1563.530000	1564.870000	996
1565.010000	1566.510000	997
1566.740000	1566.750000	998
1566.970000	1567.390000	999
1567.520000	1568.360000	1000
1568.680000	1569.220000	1001
1569.360000	1569.430000	1002
1569.550000	1571.270000	1003
1571.490000	1571.620000	1004
1571.830000	1572.740000	1005
1572.920000	1572.970000	1006
1573.140000	1573.650000	1007
1573.780000	1573.800000	1008
1574.020000	1574.520000	1009
1574.660000	1574.670000	1010
1574.840000	1575.370000	1011
1575.490000	1576.320000	1012
1576.460000	1578.460000	1013
1578.590000	1581.040000	1014
1581.160000	1585.950000	1015
1586.100000	1588.260000	1016
1588.590000	1588.610000	1017
1588.750000	1588.760000	1018
1588.890000	1588.950000	1019
1589.260000	1590.880000	1020
1591.000000	1593.030000	1021
1593.160000	1593.600000	1022
1593.790000	1597.180000	1023
1597.310000	1597.380000	1024
1597.500000	1602.810000	1025
1602.920000	1608.480000	1026
1608.590000	1614.370000	1027
1614.490000	1616.270000	1028
1616.400000	1617.770000	1029
1617.900000	1618.830000	1030
1619.180000	1619.470000	1031
1619.830000	1620.640000	1032
1620.900000	1623.250000	1033
1623.420000	1623.560000	1034
1623.720000	1624.750000	1035
1624.860000	1624.970000	1036
1625.130000	1627.840000	1037
1628.220000	1630.520000	1038
1630.630000	1632.140000	1039
1632.250000	1632.940000	1040
1633.100000	1633.260000	1041
1633.380000	1633.410000	1042
1633.520000	1634.090000	1043
1634.240000	1634.370000	1044
1634.550000	1638.440000	1045
1638.560000	1639.720000	1046
1639.830000	1640.990000	1047
1641.200000	1647.010000	1048
1647.120000	1651.080000	1049
1651.190000	1656.620000	1050
1656.750000	1658.820000	1051
1658.950000	1660.730000	1052
1660.900000	1661.790000	1053
1661.970000	1662.040000	1054
1662.170000	1662.640000	1055
1662.750000	1662.760000	1056
1663.060000	1663.650000	1057
1663.770000	1663.830000	1058
1663.960000	1663.970000	1059
1664.140000	1664.150000	1060
1664.450000	1669.170000	1061
1669.280000	1671.500000	1062
1671.630000	1672.000000	1063
1672.390000	1673.170000	1064
1673.360000	1674.840000	1065
1675.370000	1676.310000	1066
1676.440000	1676.450000	1067
1676.870000	1677.590000	1068
1677.920000	1679.450000	1069
1679.600000	1680.260000	1070
1680.520000	1684.880000	1071
1685.020000	1686.030000	1072
1686.350000	1686.370000	1073
1686.500000	1687.010000	1074
1687.200000	1687.270000	1075
1687.400000	1687.710000	1076
1687.840000	1690.240000	1077
1690.370000	1691.010000	1078
1691.160000	1691.280000	1079
1691.420000	1691.430000	1080
1691.590000	1691.640000	1081
1691.930000	1691.940000	1082
1692.110000	1692.140000	1083
1692.280000	1692.970000	1084
1693.880000	1694.500000	1085
1695.530000	1696.010000	1086
1696.160000	1696.750000	1087
1696.870000	1699.960000	1088
1700.100000	1700.760000	1089
1700.940000	1700.950000	1090
1701.140000	1702.320000	1091
1702.440000	1702.650000	1092
1702.780000	1703.120000	1093
1703.260000	1703.310000	1094
1703.420000	1704.160000	1095
1704.590000	1705.280000	1096
1705.430000	1705.620000	1097
1705.770000	1707.860000	1098
1708.000000	1709.190000	1099
1709.400000	1710.570000	1100
1710.680000	1710.900000	1101
1711.020000	1712.050000	1102
1712.240000	1712.360000	1103
1712.490000	1713.930000	1104
1714.170000	1714.890000	1105
1715.060000	1715.090000	1106
1715.350000	1715.830000	1107
1715.980000	1716.020000	1108
1716.160000	1716.890000	1109
1717.110000	1717.570000	1110
1717.920000	1719.770000	1111
1720.450000	1720.860000	1112
1721.470000	1722.390000	1113
1722.550000	1722.840000	1114
1722.980000	1723.720000	1115
1723.940000	1724.150000	1116
1724.650000	1725.370000	1117
1725.810000	1729.060000	1118
1729.660000	1729.700000	1119
1729.910000	1730.010000	1120
1730.180000	1730.360000	1121
1731.340000	1731.510000	1122
1731.640000	1731.810000	1123
1732.760000	1733.480000	1124
1733.660000	1733.710000	1125
1734.010000	1734.990000	1126
1735.150000	1735.220000	1127
1735.340000	1737.160000	1128
1737.960000	1738.490000	1129
1738.650000	1739.290000	1130
1739.540000	1739.900000	1131
1740.070000	1740.680000	1132
1741.220000	1742.920000	1133
1743.430000	1744.030000	1134
1744.140000	1744.330000	1135
1744.530000	1745.950000	1136
1746.240000	1748.260000	1137
1748.370000	1748.500000	1138
1748.690000	1749.380000	1139
1749.500000	1751.460000	1140
1751.610000	1761.840000	1141
1761.950000	1762.150000	1142
1762.340000	1762.970000	1143
1763.100000	1764.320000	1144
1764.430000	1765.840000	1145
1765.980000	1766.660000	1146
1766.770000	1766.850000	1147
1767.030000	1767.100000	1148
1767.300000	1769.830000	1149
1769.990000	1771.690000	1150
1771.860000	1776.060000	1151
1776.190000	1778.070000	1152
1778.190000	1782.960000	1153
1783.130000	1786.620000	1154
1786.790000	1787.820000	1155
1787.930000	1788.520000	1156
1788.700000	1789.150000	1157
1789.530000	1790.050000	1158
1790.200000	1792.620000	1159
1792.750000	1793.970000	1160
1794.190000	1795.270000	1161
1795.430000	1800.070000	1162
1800.240000	1802.400000	1163
1802.510000	1803.510000	1164
1803.620000	1813.360000	1165
1813.470000	1818.670000	1166
1818.820000	1818.980000	1167
1819.210000	1820.150000	1168
1820.270000	1821.810000	1169
1821.940000	1824.640000	1170
1824.900000	1824.920000	1171
1825.170000	1828.930000	1172
1829.170000	1829.230000	1173
1829.370000	1829.860000	1174
1830.160000	1830.460000	1175
1830.620000	1830.800000	1176
1830.930000	1834.020000	1177
1834.160000	1835.050000	1178
1835.210000	1835.230000	1179
1835.440000	1836.250000	1180
1836.410000	1837.220000	1181
1837.330000	1837.610000	1182
1837.890000	1838.140000	1183
1838.340000	1839.930000	1184
1840.070000	1847.550000	1185
1847.660000	1849.690000	1186
1849.810000	1849.820000	1187
1850.110000	1852.180000	1188
1852.540000	1855.450000	1189
1855.630000	1856.340000	1190
1856.560000	1857.230000	1191
1857.370000	1857.710000	1192
1857.920000	1858.390000	1193
1858.800000	1858.810000	1194
1859.040000	1859.750000	1195
1860.740000	1861.000000	1196
1861.320000	1861.330000	1197
1861.660000	1861.750000	1198
1861.860000	1861.870000	1199
1862.100000	1862.260000	1200
1862.380000	1863.100000	1201
1863.870000	1864.770000	1202
1865.210000	1866.230000	1203
1866.490000	1866.730000	1204
1866.880000	1867.480000	1205
1867.750000	1867.800000	1206
1867.940000	1869.230000	1207
1869.360000	1869.370000	1208
1869.500000	1869.520000	1209
1869.630000	1869.660000	1210
1869.780000	1870.540000	1211
1871.500000	1872.360000	1212
1873.110000	1874.480000	1213
1874.990000	1875.680000	1214
1876.060000	1876.120000	1215
1876.240000	1878.550000	1216
1878.860000	1879.290000	1217
1879.530000	1879.940000	1218
1880.070000	1880.090000	1219
1880.240000	1881.980000	1220
1882.100000	1883.150000	1221
1883.290000	1884.030000	1222
1884.170000	1886.120000	1223
1886.240000	1886.260000	1224
1886.500000	1887.330000	1225
1887.570000	1887.870000	1226
1888.400000	1888.760000	1227
1888.910000	1889.880000	1228
1890.540000	1891.050000	1229
1892.250000	1893.110000	1230
1893.250000	1894.240000	1231
1894.960000	1895.470000	1232
1895.770000	1896.340000	1233
1896.850000	1897.520000	1234
1898.350000	1898.730000	1235
1899.810000	1900.310000	1236
1901.130000	1901.150000	1237
1901.370000	1902.250000	1238
1902.630000	1903.350000	1239
1903.680000	1903.750000	1240
1903.910000	1904.890000	1241
1905.010000	1905.640000	1242
1905.990000	1906.040000	1243
1906.270000	1906.450000	1244
1907.130000	1908.530000	1245
1908.660000	1908.670000	1246
1908.830000	1908.860000	1247
1909.060000	1909.100000	1248
1909.230000	1909.650000	1249
1910.470000	1911.130000	1250
1911.540000	1917.310000	1251
1917.460000	1918.130000	1252
1918.280000	1919.040000	1253
1919.190000	1919.220000	1254
1919.410000	1919.890000	1255
1920.300000	1920.700000	1256
1921.100000	1921.610000	1257
1922.320000	1922.840000	1258
1923.220000	1923.230000	1259
1923.500000	1924.220000	1260
1924.990000	1925.950000	1261
1926.400000	1926.490000	1262
1927.100000	1928.240000	1263
1929.000000	1929.960000	1264
1930.520000	1931.280000	1265
1931.860000	1932.350000	1266
1932.880000	1933.400000	1267
1934.370000	1935.260000	1268
1936.120000	1937.120000	1269
1938.010000	1939.860000	1270
1940.180000	1940.780000	1271
1941.020000	1941.700000	1272
1941.890000	1943.160000	1273
1943.350000	1944.040000	1274
1944.210000	1944.990000	1275
1945.210000	1945.290000	1276
1945.400000	1947.210000	1277
1947.360000	1947.960000	1278
1948.320000	1949.540000	1279
1949.970000	1950.830000	1280
1951.000000	1952.060000	1281
1952.290000	1954.210000	1282
1954.320000	1955.690000	1283
1956.000000	1957.490000	1284
1957.940000	1958.840000	1285
1959.240000	1959.710000	1286
1959.970000	1965.330000	1287
1965.860000	1966.250000	1288
1966.640000	1967.190000	1289
1968.080000	1969.010000	1290
1969.160000	1969.320000	1291
1969.470000	1970.410000	1292
1970.630000	1975.210000	1293
1975.520000	1976.030000	1294
1976.330000	1977.560000	1295
1977.730000	1980.020000	1296
1980.170000	1980.780000	1297
1980.950000	1981.010000	1298
1981.120000	1981.980000	1299
1982.390000	1982.420000	1300
1982.630000	1982.950000	1301
1983.440000	1983.980000	1302
1984.120000	1984.130000	1303
1984.930000	1984.990000	1304
1985.120000	1986.020000	1305
1986.220000	1987.790000	1306
1987.930000	1989.720000	1307
1990.140000	1990.540000	1308
1990.720000	1991.640000	1309
1991.790000	1991.990000	1310
1992.130000	1992.500000	1311
1992.660000	1993.560000	1312
1993.700000	1993.750000	1313
1993.930000	1994.410000	1314
1994.790000	1995.400000	1315
1995.530000	1995.620000	1316
1995.830000	1996.180000	1317
1996.510000	1996.550000	1318
1996.750000	1997.100000	1319
1997.420000	1998.730000	1320
1998.900000	1999.660000	1321
1999.910000	1999.980000	1322
2000.200000	2000.420000	1323
2000.580000	2000.620000	1324
2000.970000	2003.230000	1325
2003.910000	2004.270000	1326
2005.140000	2005.870000	1327
2006.390000	2007.060000	1328
2007.780000	2008.660000	1329
2008.980000	2009.160000	1330
2009.300000	2009.840000	1331
2009.980000	2010.210000	1332
2010.400000	2011.100000	1333
2011.960000	2012.280000	1334
2013.220000	2013.880000	1335
2014.530000	2014.860000	1336
2015.630000	2016.570000	1337
2016.780000	2016.880000	1338
2017.020000	2018.760000	1339
2019.040000	2019.290000	1340
2019.500000	2020.460000	1341
2020.570000	2021.810000	1342
2021.970000	2022.620000	1343
2022.820000	2023.680000	1344
2024.500000	2026.130000	1345
2026.330000	2027.440000	1346
2027.720000	2028.720000	1347
2029.200000	2030.830000	1348
2031.010000	2031.120000	1349
2031.260000	2031.760000	1350
2032.010000	2032.080000	1351
2032.210000	2032.450000	1352
2032.820000	2033.950000	1353
2034.140000	2035.710000	1354
2035.840000	2037.710000	1355
2037.900000	2038.040000	1356
2038.220000	2039.070000	1357
2039.240000	2040.250000	1358
2041.030000	2041.520000	1359
2041.810000	2041.910000	1360
2042.050000	2042.350000	1361
2042.930000	2043.420000	1362
2044.320000	2044.510000	1363
2044.650000	2044.840000	1364
2045.710000	2046.530000	1365
2047.300000	2048.530000	1366
2048.900000	2048.920000	1367
2049.260000	2049.460000	1368
2049.640000	2050.860000	1369
2051.130000	2052.730000	1370
2053.480000	2054.530000	1371
2054.760000	2056.540000	1372
2057.120000	2057.990000	1373
2058.550000	2059.230000	1374
2059.500000	2059.590000	1375
2059.750000	2061.330000	1376
2061.630000	2062.030000	1377
2062.310000	2063.230000	1378
2063.720000	2064.220000	1379
2064.840000	2065.570000	1380
2065.830000	2067.050000	1381
2067.220000	2068.160000	1382
2068.290000	2068.300000	1383
2068.600000	2069.950000	1384
2070.250000	2072.130000	1385
2072.280000	2072.370000	1386
2072.640000	2073.130000	1387
2073.250000	2074.680000	1388
2075.610000	2075.700000	1389
2076.020000	2076.030000	1390
2076.430000	2076.560000	1391
2077.080000	2077.830000	1392
2078.130000	2079.220000	1393
2079.870000	2080.270000	1394
2080.470000	2080.570000	1395
2080.690000	2081.570000	1396
2082.180000	2082.360000	1397
2082.510000	2083.500000	1398
2083.880000	2083.920000	1399
2084.100000	2085.380000	1400
2085.510000	2086.290000	1401
2086.430000	2087.910000	1402
2088.040000	2088.170000	1403
2088.360000	2089.030000	1404
2089.140000	2090.040000	1405
2090.650000	2091.260000	1406
2092.000000	2092.400000	1407
2093.370000	2094.240000	1408
2094.600000	2094.610000	1409
2094.930000	2096.010000	1410
2097.100000	2097.730000	1411
2097.990000	2098.000000	1412
2098.210000	2098.230000	1413
2098.590000	2098.620000	1414
2098.930000	2100.090000	1415
2100.950000	2103.860000	1416
2104.400000	2105.180000	1417
2105.670000	2105.960000	1418
2106.120000	2107.950000	1419
2108.220000	2108.440000	1420
2108.670000	2109.200000	1421
2109.750000	2110.120000	1422
2110.760000	2111.230000	1423
2111.950000	2113.770000	1424
2114.220000	2114.260000	1425
2114.530000	2115.500000	1426
2116.250000	2117.130000	1427
2117.280000	2118.630000	1428
2118.740000	2120.980000	1429
2121.110000	2121.330000	1430
2121.440000	2122.720000	1431
2123.280000	2124.920000	1432
2125.090000	2128.750000	1433
2128.880000	2129.220000	1434
2129.680000	2130.940000	1435
2131.620000	2132.200000	1436
2133.200000	2133.950000	1437
2134.080000	2134.470000	1438
2134.580000	2135.010000	1439
2135.790000	2136.210000	1440
2137.210000	2137.880000	1441
2138.620000	2138.630000	1442
2138.770000	2139.780000	1443
2140.400000	2142.140000	1444
2142.260000	2145.670000	1445
2145.840000	2146.080000	1446
2146.250000	2147.930000	1447
2148.100000	2149.770000	1448
2149.970000	2150.290000	1449
2150.450000	2151.040000	1450
2151.700000	2154.190000	1451
2154.340000	2155.530000	1452
2155.670000	2155.830000	1453
2155.950000	2155.980000	1454
2156.590000	2160.260000	1455
2160.860000	2160.880000	1456
2161.110000	2162.440000	1457
2163.180000	2163.210000	1458
2163.440000	2164.720000	1459
2165.000000	2165.010000	1460
2165.260000	2165.940000	1461
2166.300000	2166.310000	1462
2167.020000	2168.660000	1463
2169.030000	2171.570000	1464
2172.120000	2172.530000	1465
2172.830000	2175.330000	1466
2175.580000	2175.890000	1467
2176.100000	2176.800000	1468
2176.960000	2178.390000	1469
2178.560000	2181.680000	1470
2181.810000	2181.830000	1471
2182.040000	2184.020000	1472
2184.240000	2184.250000	1473
2184.460000	2184.980000	1474
2185.100000	2186.380000	1475
2186.530000	2186.690000	1476
2186.890000	2189.960000	1477
2190.410000	2191.380000	1478
2191.550000	2192.540000	1479
2192.700000	2192.730000	1480
2193.190000	2194.770000	1481
2194.950000	2194.960000	1482
2195.180000	2196.690000	1483
2196.830000	2201.220000	1484
2201.370000	2202.820000	1485
2203.230000	2203.240000	1486
2203.440000	2203.940000	1487
2204.750000	2204.770000	1488
2205.170000	2205.560000	1489
2206.060000	2206.080000	1490
2206.250000	2207.510000	1491
2207.960000	2208.020000	1492
2208.200000	2208.520000	1493
2209.460000	2209.500000	1494
2209.620000	2213.400000	1495
2213.770000	2214.010000	1496
2214.120000	2214.700000	1497
2214.840000	2214.850000	1498
2215.290000	2215.960000	1499
2216.200000	2216.460000	1500
2216.610000	2218.320000	1501
2218.460000	2218.480000	1502
2218.620000	2220.630000	1503
2220.750000	2222.590000	1504
2222.880000	2223.430000	1505
2223.560000	2224.270000	1506
2224.460000	2224.660000	1507
2224.780000	2226.720000	1508
2226.860000	2227.980000	1509
2228.440000	2229.310000	1510
2229.460000	2230.140000	1511
2230.270000	2232.370000	1512
2232.550000	2233.170000	1513
2233.360000	2233.790000	1514
2233.910000	2235.170000	1515
2235.420000	2236.570000	1516
2236.680000	2237.800000	1517
2238.010000	2241.030000	1518
2241.140000	2241.520000	1519
2241.650000	2241.660000	1520
2241.830000	2244.960000	1521
2245.380000	2247.870000	1522
2248.210000	2248.790000	1523
2249.160000	2249.170000	1524
2249.360000	2250.230000	1525
2250.420000	2250.500000	1526
2250.640000	2251.870000	1527
2252.060000	2252.800000	1528
2252.960000	2253.550000	1529
2253.700000	2255.780000	1530
2255.890000	2257.600000	1531
2258.000000	2258.520000	1532
2258.850000	2259.040000	1533
2259.160000	2259.450000	1534
2259.720000	2259.890000	1535
2260.000000	2261.670000	1536
2261.870000	2264.510000	1537
2264.780000	2265.720000	1538
2266.020000	2267.440000	1539
2267.620000	2267.740000	1540
2267.890000	2269.520000	1541
2269.680000	2269.690000	1542
2269.830000	2274.110000	1543
2274.650000	2275.310000	1544
2275.460000	2275.530000	1545
2275.690000	2280.270000	1546
2280.750000	2281.090000	1547
2281.390000	2282.830000	1548
2282.960000	2288.170000	1549
2288.500000	2289.670000	1550
2290.110000	2290.850000	1551
2290.980000	2292.460000	1552
2292.630000	2293.610000	1553
2293.720000	2294.430000	1554
2294.860000	2298.500000	1555
2298.670000	2299.550000	1556
2299.750000	2299.800000	1557
2299.960000	2301.710000	1558
2301.960000	2302.260000	1559
2302.370000	2305.180000	1560
2305.410000	2305.550000	1561
2305.910000	2309.300000	1562
2309.620000	2310.530000	1563
2310.690000	2310.720000	1564
2310.930000	2310.970000	1565
2311.140000	2313.100000	1566
2313.240000	2313.670000	1567
2314.210000	2316.110000	1568
2316.350000	2316.380000	1569
2316.510000	2317.490000	1570
2317.630000	2317.760000	1571
2317.880000	2317.970000	1572
2318.240000	2323.020000	1573
2323.290000	2323.640000	1574
2323.910000	2328.010000	1575
0.080000	12.530000	1
12.740000	15.580000	2
15.750000	15.760000	3
15.890000	16.210000	4
16.320000	19.940000	5
20.080000	24.310000	6
24.450000	26.120000	7
26.230000	27.790000	8
27.930000	28.020000	9
28.130000	30.800000	10
31.030000	34.790000	11
34.930000	37.970000	12
38.300000	41.000000	13
41.110000	45.240000	14
45.410000	46.250000	15
46.410000	49.290000	16
49.620000	51.210000	17
51.350000	51.410000	18
51.560000	51.570000	19
51.730000	54.470000	20
54.620000	55.500000	21
55.770000	58.190000	22
58.360000	59.300000	23
59.420000	61.540000	24
61.660000	61.930000	25
62.040000	63.170000	26
63.320000	65.240000	27
66.010000	66.030000	28
66.220000	66.240000	29
66.390000	68.100000	30
68.290000	72.980000	31
73.250000	73.950000	32
74.080000	75.910000	33
76.030000	83.590000	34
83.800000	85.820000	35
85.930000	87.680000	36
87.860000	91.110000	37
91.460000	91.520000	38
91.890000	91.900000	39
92.020000	93.620000	40
93.740000	93.830000	41
93.940000	95.440000	42
95.630000	97.000000	43
97.130000	98.950000	44
99.100000	99.150000	45
99.280000	102.870000	46
103.010000	103.110000	47
103.280000	104.180000	48
104.320000	104.440000	49
104.700000	106.960000	50
107.130000	107.470000	51
107.620000	108.190000	52
108.420000	109.410000	53
109.530000	110.760000	54
110.910000	112.260000	55
112.490000	112.690000	56
112.800000	114.900000	57
115.250000	115.290000	58
115.700000	115.720000	59
115.960000	117.870000	60
118.000000	119.270000	61
120.250000	122.390000	62
122.510000	123.570000	63
123.740000	125.440000	64
125.720000	126.590000	65
126.920000	127.300000	66
127.410000	128.900000	67
129.080000	129.650000	68
129.980000	130.130000	69
130.350000	131.030000	70
131.150000	132.690000	71
132.830000	132.920000	72
133.060000	133.220000	73
133.350000	133.920000	74
134.080000	135.920000	75
136.150000	136.220000	76
136.440000	137.200000	77
137.800000	139.720000	78
139.980000	140.320000	79
140.450000	143.330000	80
143.650000	143.670000	81
144.120000	145.610000	82
146.120000	146.850000	83
147.350000	147.390000	84
147.690000	148.640000	85
149.360000	151.170000	86
151.460000	151.690000	87
151.810000	154.000000	88
154.330000	155.570000	89
155.830000	155.910000	90
156.020000	157.920000	91
158.340000	158.350000	92
158.490000	162.080000	93
162.200000	164.730000	94
164.860000	165.790000	95
165.920000	165.930000	96
166.040000	167.040000	97
167.150000	167.170000	98
167.310000	167.360000	99
167.780000	167.790000	100
168.100000	172.180000	101
172.490000	174.190000	102
174.370000	174.410000	103
174.520000	177.150000	104
177.350000	179.210000	105
179.410000	179.900000	106
180.030000	180.050000	107
180.190000	181.580000	108
181.710000	181.980000	109
182.100000	183.250000	110
184.050000	184.480000	111
184.940000	187.430000	112
187.720000	192.980000	113
193.340000	194.310000	114
195.030000	198.840000	115
199.010000	199.040000	116
199.280000	200.260000	117
200.410000	202.230000	118
202.370000	202.770000	119
203.350000	204.100000	120
204.220000	204.310000	121
204.440000	204.740000	122
204.850000	205.230000	123
205.430000	206.240000	124
206.350000	206.400000	125
206.510000	207.450000	126
207.670000	207.750000	127
208.000000	208.990000	128
209.130000	209.370000	129
209.490000	210.490000	130
210.680000	210.900000	131
211.070000	211.510000	132
211.840000	214.690000	133
215.360000	217.330000	134
217.550000	218.850000	135
218.960000	219.150000	136
219.280000	220.810000	137
221.000000	221.150000	138
221.510000	222.050000	139
222.240000	222.270000	140
222.510000	224.970000	141
225.260000	225.370000	142
225.650000	225.970000	143
226.220000	226.740000	144
226.910000	228.470000	145
228.640000	228.730000	146
228.930000	230.120000	147
230.350000	230.650000	148
230.760000	231.780000	149
232.030000	232.160000	150
232.290000	233.020000	151
233.170000	233.720000	152
233.900000	235.970000	153
236.260000	236.640000	154
236.790000	237.820000	155
237.960000	238.630000	156
238.740000	239.710000	157
239.880000	240.850000	158
241.240000	246.420000	159
246.570000	248.220000	160
248.480000	251.760000	161
251.880000	251.980000	162
252.120000	252.540000	163
252.660000	253.490000	164
253.610000	254.520000	165
254.860000	256.230000	166
256.930000	258.020000	167
258.130000	258.220000	168
258.350000	259.390000	169
259.560000	259.570000	170
259.890000	260.420000	171
260.620000	260.850000	172
261.070000	261.080000	173
261.270000	261.830000	174
262.050000	262.140000	175
262.310000	262.750000	176
263.000000	263.690000	177
263.870000	264.440000	178
264.560000	264.930000	179
265.040000	266.750000	180
267.000000	268.610000	181
268.890000	271.750000	182
271.950000	271.960000	183
272.150000	274.000000	184
274.130000	274.180000	185
274.300000	275.100000	186
275.470000	276.410000	187
276.850000	278.780000	188
278.890000	278.900000	189
279.360000	279.810000	190
280.240000	280.670000	191
281.040000	281.420000	192
281.590000	283.360000	193
283.480000	284.830000	194
285.350000	286.650000	195
287.150000	288.680000	196
288.820000	288.830000	197
288.950000	290.100000	198
290.230000	290.670000	199
290.800000	290.910000	200
291.240000	292.520000	201
292.630000	294.510000	202
294.630000	294.640000	203
294.830000	297.370000	204
298.080000	300.810000	205
301.040000	302.270000	206
302.530000	302.540000	207
302.730000	303.850000	208
304.210000	306.280000	209
306.600000	309.070000	210
309.250000	310.650000	211
310.760000	310.780000	212
311.050000	311.070000	213
311.230000	312.130000	214
312.550000	312.800000	215
312.920000	313.660000	216
313.780000	314.400000	217
314.930000	314.950000	218
315.070000	315.340000	219
315.570000	315.770000	220
316.020000	316.040000	221
316.320000	317.150000	222
317.940000	317.950000	223
318.340000	319.000000	224
319.780000	320.460000	225
320.680000	320.700000	226
320.880000	324.610000	227
324.740000	324.770000	228
324.880000	325.230000	229
325.470000	326.730000	230
326.950000	328.150000	231
328.360000	328.530000	232
328.840000	329.080000	233
329.190000	330.210000	234
330.320000	330.330000	235
330.520000	331.780000	236
331.960000	332.000000	237
332.340000	333.500000	238
333.610000	334.000000	239
334.110000	334.180000	240
334.290000	336.090000	241
336.330000	337.430000	242
337.550000	338.520000	243
339.320000	340.300000	244
340.410000	342.260000	245
342.470000	344.150000	246
344.310000	344.490000	247
344.750000	345.050000	248
345.210000	345.250000	249
345.360000	345.700000	250
345.810000	345.820000	251
346.000000	347.450000	252
347.610000	351.000000	253
351.150000	353.350000	254
353.490000	356.900000	255
357.400000	360.080000	256
360.250000	360.380000	257
360.540000	361.090000	258
361.220000	361.590000	259
362.060000	362.090000	260
362.200000	362.580000	261
362.980000	363.500000	262
363.630000	365.130000	263
365.430000	369.520000	264
369.880000	371.410000	265
371.580000	372.690000	266
372.890000	372.940000	267
373.080000	374.300000	268
374.610000	375.350000	269
375.570000	377.730000	270
378.170000	380.620000	271
380.840000	380.860000	272
381.170000	382.110000	273
382.250000	382.310000	274
382.460000	383.990000	275
384.460000	385.840000	276
386.130000	386.220000	277
386.740000	388.160000	278
388.280000	388.710000	279
389.280000	389.900000	280
390.200000	390.590000	281
390.950000	390.990000	282
391.130000	392.760000	283
392.940000	393.970000	284
394.270000	395.480000	285
395.840000	397.020000	286
397.270000	397.290000	287
397.420000	398.350000	288
398.490000	398.520000	289
398.770000	399.400000	290
399.820000	399.850000	291
399.990000	400.540000	292
400.730000	400.750000	293
400.860000	401.470000	294
401.860000	401.870000	295
402.030000	402.550000	296
402.980000	404.320000	297
404.590000	404.680000	298
404.850000	406.640000	299
407.070000	407.520000	300
407.970000	408.330000	301
408.440000	408.810000	302
409.000000	409.020000	303
409.250000	409.640000	304
410.040000	410.380000	305
410.810000	411.230000	306
411.560000	412.350000	307
412.520000	412.940000	308
413.220000	414.470000	309
414.720000	414.810000	310
415.000000	415.510000	311
415.620000	415.660000	312
415.920000	415.960000	313
416.220000	416.260000	314
416.470000	418.680000	315
418.810000	418.820000	316
418.930000	420.720000	317
421.020000	422.950000	318
423.060000	423.570000	319
423.740000	424.950000	320
425.250000	426.180000	321
426.420000	427.680000	322
427.920000	429.940000	323
430.060000	430.820000	324
430.940000	433.690000	325
433.810000	435.040000	326
435.170000	437.470000	327
437.640000	438.830000	328
438.990000	440.020000	329
440.180000	440.700000	330
440.830000	441.330000	331
441.480000	442.260000	332
442.630000	443.390000	333
443.500000	446.420000	334
446.540000	446.700000	335
446.830000	448.800000	336
449.200000	449.220000	337
449.460000	450.230000	338
450.380000	452.030000	339
452.150000	452.190000	340
452.350000	453.420000	341
453.550000	454.600000	342
454.850000	455.310000	343
455.490000	455.580000	344
455.860000	457.290000	345
457.670000	460.490000	346
460.720000	460.760000	347
460.870000	460.880000	348
461.020000	462.060000	349
462.190000	462.960000	350
463.230000	463.420000	351
463.570000	464.020000	352
464.130000	464.290000	353
464.410000	466.870000	354
467.130000	469.200000	355
469.340000	471.980000	356
472.200000	472.290000	357
472.460000	473.010000	358
473.190000	473.250000	359
473.450000	475.060000	360
475.180000	477.030000	361
477.250000	478.010000	362
478.160000	479.090000	363
479.540000	480.000000	364
480.430000	480.930000	365
481.040000	482.360000	366
482.480000	483.080000	367
483.190000	483.940000	368
484.070000	484.140000	369
484.310000	486.310000	370
486.440000	486.490000	371
486.600000	486.610000	372
486.750000	486.770000	373
486.950000	487.050000	374
487.170000	487.190000	375
487.320000	489.110000	376
489.530000	492.640000	377
492.920000	493.990000	378
494.140000	494.870000	379
494.990000	495.080000	380
495.280000	498.060000	381
498.200000	502.120000	382
502.230000	504.760000	383
505.050000	505.590000	384
505.810000	505.820000	385
505.930000	506.360000	386
506.540000	506.550000	387
506.770000	507.870000	388
508.000000	508.770000	389
508.880000	509.060000	390
509.180000	509.780000	391
510.070000	510.150000	392
510.320000	510.890000	393
511.120000	512.900000	394
513.010000	514.640000	395
514.750000	515.580000	396
516.160000	516.320000	397
516.580000	516.590000	398
516.830000	517.020000	399
517.140000	517.230000	400
517.460000	518.380000	401
518.620000	518.660000	402
518.850000	519.360000	403
519.530000	519.580000	404
519.840000	520.490000	405
520.710000	520.760000	406
520.970000	521.640000	407
521.860000	521.950000	408
522.200000	526.470000	409
526.620000	526.690000	410
526.960000	527.470000	411
527.800000	527.840000	412
527.950000	529.270000	413
529.580000	529.590000	414
529.730000	529.740000	415
529.870000	530.310000	416
530.760000	530.770000	417
530.890000	531.390000	418
531.750000	532.150000	419
532.540000	534.630000	420
534.740000	535.940000	421
536.070000	536.140000	422
536.540000	536.980000	423
537.260000	538.560000	424
538.770000	538.780000	425
539.010000	539.110000	426
539.330000	541.220000	427
541.640000	542.180000	428
542.590000	544.350000	429
544.580000	544.710000	430
544.870000	545.290000	431
545.730000	545.750000	432
545.960000	546.380000	433
546.730000	547.620000	434
548.060000	548.840000	435
549.250000	549.280000	436
549.460000	549.850000	437
550.180000	551.740000	438
551.870000	552.040000	439
552.170000	553.590000	440
553.750000	554.510000	441
554.780000	554.790000	442
555.090000	555.550000	443
555.660000	557.220000	444
557.400000	559.080000	445
559.190000	559.200000	446
559.380000	560.810000	447
561.000000	563.580000	448
563.700000	564.660000	449
564.830000	564.840000	450
565.100000	565.570000	451
565.790000	565.860000	452
566.070000	566.510000	453
567.020000	569.470000	454
569.730000	570.600000	455
570.770000	570.840000	456
570.950000	572.300000	457
572.440000	572.620000	458
572.850000	573.490000	459
574.010000	574.900000	460
575.170000	575.210000	461
575.440000	576.800000	462
576.920000	577.650000	463
577.770000	577.900000	464
578.010000	578.320000	465
578.610000	578.950000	466
579.150000	579.890000	467
580.110000	580.170000	468
580.400000	582.470000	469
582.730000	583.260000	470
583.390000	583.960000	471
584.290000	585.340000	472
585.450000	585.990000	473
586.140000	588.610000	474
588.960000	589.880000	475
589.990000	591.380000	476
591.490000	591.660000	477
591.800000	592.100000	478
592.310000	592.380000	479
592.660000	593.550000	480
593.720000	595.230000	481
595.630000	596.510000	482
597.010000	597.020000	483
597.350000	597.380000	484
597.610000	597.650000	485
597.890000	598.580000	486
598.750000	598.950000	487
599.070000	599.080000	488
599.210000	599.830000	489
599.960000	600.050000	490
600.220000	600.950000	491
601.070000	602.290000	492
602.450000	602.690000	493
602.850000	603.530000	494
603.720000	603.770000	495
603.980000	604.540000	496
604.700000	604.750000	497
604.990000	605.540000	498
605.750000	607.400000	499
607.800000	608.560000	500
608.690000	608.750000	501
608.960000	610.040000	502
610.150000	610.260000	503
610.420000	611.510000	504
611.700000	613.090000	505
613.330000	613.340000	506
613.470000	615.160000	507
615.270000	618.650000	508
618.810000	618.920000	509
619.030000	620.810000	510
621.200000	624.840000	511
624.980000	624.990000	512
625.180000	625.400000	513
625.630000	627.720000	514
627.830000	629.510000	515
629.720000	629.740000	516
629.890000	630.240000	517
630.440000	635.200000	518
635.320000	636.100000	519
636.260000	636.960000	520
637.070000	637.400000	521
637.550000	638.610000	522
638.770000	640.290000	523
640.420000	640.630000	524
640.870000	641.340000	525
641.590000	642.090000	526
642.320000	642.470000	527
642.580000	643.050000	528
643.190000	643.250000	529
643.400000	643.950000	530
644.060000	644.850000	531
645.080000	646.320000	532
646.810000	652.320000	533
652.690000	654.580000	534
654.720000	656.280000	535
656.410000	656.480000	536
656.680000	657.500000	537
657.620000	661.170000	538
661.290000	662.620000	539
662.730000	662.870000	540
663.000000	664.030000	541
664.190000	666.790000	542
666.910000	667.340000	543
667.580000	669.130000	544
669.240000	669.630000	545
669.740000	669.950000	546
670.380000	670.420000	547
670.710000	670.820000	548
671.240000	671.780000	549
671.890000	672.570000	550
672.780000	672.790000	551
673.040000	673.100000	552
673.240000	674.990000	553
675.350000	676.000000	554
676.110000	676.120000	555
676.250000	677.000000	556
677.170000	677.510000	557
677.660000	677.790000	558
678.280000	678.290000	559
678.560000	678.570000	560
678.700000	679.610000	561
680.030000	680.810000	562
680.930000	681.200000	563
681.520000	683.610000	564
683.770000	684.440000	565
684.550000	685.540000	566
685.650000	686.840000	567
686.950000	688.030000	568
688.150000	688.160000	569
688.480000	688.500000	570
688.740000	689.600000	571
689.730000	690.060000	572
690.170000	691.210000	573
691.520000	691.540000	574
691.680000	693.240000	575
693.890000	695.740000	576
695.850000	695.930000	577
696.060000	696.990000	578
697.170000	702.110000	579
702.340000	702.350000	580
702.630000	703.250000	581
703.530000	703.550000	582
703.700000	704.830000	583
704.940000	705.010000	584
705.120000	705.460000	585
705.580000	706.150000	586
706.460000	707.620000	587
707.740000	708.490000	588
708.650000	709.960000	589
710.130000	710.610000	590
710.880000	712.480000	591
712.640000	712.750000	592
713.070000	713.390000	593
714.080000	714.520000	594
715.190000	715.610000	595
715.850000	715.960000	596
716.170000	716.630000	597
716.760000	716.870000	598
717.080000	717.120000	599
717.250000	717.740000	600
718.200000	718.410000	601
718.520000	718.900000	602
719.680000	719.940000	603
720.700000	721.060000	604
721.460000	721.470000	605
721.710000	722.100000	606
722.340000	722.380000	607
722.510000	724.910000	608
725.020000	725.110000	609
725.240000	725.980000	610
726.100000	726.110000	611
726.760000	727.130000	612
727.250000	728.840000	613
729.090000	729.930000	614
730.140000	731.760000	615
731.880000	733.020000	616
733.330000	733.420000	617
733.630000	733.660000	618
733.840000	734.400000	619
734.980000	735.470000	620
735.840000	736.460000	621
736.710000	736.720000	622
736.880000	737.790000	623
737.920000	738.480000	624
738.770000	740.200000	625
740.550000	741.230000	626
741.620000	741.630000	627
741.750000	742.370000	628
742.890000	743.320000	629
743.480000	745.160000	630
745.430000	745.600000	631
745.800000	746.050000	632
746.160000	746.690000	633
746.860000	746.940000	634
747.270000	747.850000	635
748.000000	748.020000	636
748.360000	748.840000	637
749.380000	749.860000	638
750.310000	754.760000	639
754.980000	755.110000	640
755.250000	757.070000	641
757.180000	757.860000	642
757.970000	759.860000	643
759.970000	764.100000	644
764.230000	765.300000	645
765.730000	767.640000	646
767.760000	768.270000	647
768.770000	769.190000	648
769.700000	770.360000	649
770.470000	771.190000	650
771.370000	771.450000	651
771.620000	772.690000	652
772.890000	772.970000	653
773.200000	773.520000	654
774.120000	774.750000	655
775.050000	775.080000	656
775.210000	776.290000	657
776.670000	778.210000	658
778.320000	778.600000	659
778.760000	779.200000	660
779.780000	783.960000	661
784.070000	790.280000	662
790.510000	790.620000	663
790.740000	793.750000	664
793.860000	794.880000	665
795.160000	795.720000	666
795.860000	795.900000	667
796.130000	797.730000	668
797.840000	799.990000	669
800.210000	800.400000	670
800.600000	801.170000	671
801.450000	801.480000	672
801.620000	802.170000	673
802.370000	802.400000	674
802.520000	807.450000	675
807.650000	808.560000	676
808.680000	808.690000	677
808.900000	809.460000	678
809.580000	812.250000	679
812.410000	812.820000	680
813.120000	814.130000	681
814.320000	815.440000	682
815.560000	818.720000	683
818.830000	819.290000	684
819.470000	819.480000	685
819.650000	820.910000	686
821.110000	821.510000	687
821.700000	823.310000	688
823.470000	823.580000	689
823.700000	826.490000	690
826.710000	827.180000	691
827.300000	827.410000	692
827.590000	828.690000	693
829.110000	829.420000	694
830.090000	830.330000	695
830.470000	830.930000	696
831.380000	831.390000	697
831.610000	831.670000	698
832.040000	832.080000	699
832.240000	832.900000	700
833.340000	834.210000	701
834.340000	834.520000	702
834.660000	834.850000	703
834.980000	836.560000	704
836.730000	837.370000	705
837.740000	838.780000	706
838.980000	839.620000	707
839.750000	841.480000	708
841.610000	841.620000	709
841.880000	842.820000	710
843.050000	843.800000	711
844.110000	846.310000	712
846.580000	849.460000	713
849.660000	851.050000	714
851.450000	856.340000	715
856.480000	858.710000	716
859.090000	859.870000	717
859.980000	861.250000	718
861.420000	861.850000	719
862.010000	862.550000	720
862.700000	864.460000	721
864.610000	864.780000	722
864.890000	865.450000	723
865.670000	866.050000	724
866.270000	867.850000	725
867.980000	868.130000	726
868.330000	869.990000	727
870.110000	871.140000	728
871.250000	871.320000	729
871.470000	873.310000	730
873.530000	873.640000	731
873.750000	874.990000	732
875.130000	876.630000	733
876.780000	878.150000	734
878.280000	878.410000	735
878.540000	879.070000	736
879.210000	880.490000	737
880.780000	882.160000	738
882.370000	882.680000	739
882.820000	883.030000	740
883.250000	884.970000	741
885.530000	886.360000	742
886.470000	886.570000	743
886.690000	888.190000	744
888.360000	895.060000	745
895.450000	895.970000	746
896.140000	896.150000	747
896.370000	896.420000	748
896.570000	897.670000	749
897.920000	899.010000	750
899.230000	902.770000	751
902.880000	905.060000	752
905.170000	906.270000	753
906.380000	911.950000	754
912.110000	913.790000	755
913.910000	914.080000	756
914.200000	914.980000	757
915.120000	917.300000	758
917.460000	918.260000	759
918.500000	920.210000	760
920.340000	922.370000	761
922.480000	923.130000	762
923.290000	925.290000	763
925.410000	925.580000	764
925.730000	926.910000	765
927.440000	928.490000	766
928.880000	929.220000	767
929.490000	931.680000	768
931.840000	932.180000	769
932.290000	932.460000	770
932.590000	932.940000	771
933.070000	933.780000	772
933.940000	934.250000	773
934.370000	937.640000	774
937.810000	937.820000	775
937.930000	938.570000	776
938.700000	939.240000	777
939.410000	940.120000	778
940.280000	940.850000	779
941.020000	941.170000	780
941.290000	941.510000	781
941.620000	942.190000	782
942.390000	943.650000	783
943.790000	943.820000	784
944.020000	945.060000	785
945.210000	945.350000	786
945.480000	945.880000	787
946.110000	946.300000	788
946.420000	947.170000	789
947.330000	947.450000	790
947.560000	947.660000	791
947.840000	948.700000	792
948.900000	952.340000	793
952.450000	952.560000	794
952.910000	953.930000	795
954.070000	955.100000	796
955.210000	955.790000	797
956.000000	956.160000	798
956.450000	956.520000	799
956.690000	958.360000	800
958.560000	960.350000	801
960.480000	960.500000	802
960.790000	962.870000	803
962.980000	963.270000	804
963.440000	964.490000	805
964.630000	964.660000	806
964.850000	965.730000	807
966.170000	968.430000	808
968.570000	971.460000	809
971.620000	972.850000	810
973.030000	975.430000	811
975.640000	978.330000	812
978.510000	978.600000	813
978.730000	980.990000	814
981.130000	981.320000	815
981.440000	984.260000	816
984.390000	984.400000	817
984.530000	986.910000	818
987.030000	987.040000	819
987.180000	990.230000	820
990.350000	991.410000	821
991.540000	994.930000	822
995.050000	998.890000	823
999.040000	999.340000	824
999.510000	1000.230000	825
1000.390000	1000.570000	826
1000.770000	1002.190000	827
1002.310000	1002.360000	828
1002.540000	1003.370000	829
1003.480000	1003.490000	830
1003.690000	1004.940000	831
1005.100000	1006.860000	832
1006.990000	1007.720000	833
1007.920000	1008.580000	834
1008.760000	1009.350000	835
1009.580000	1010.290000	836
1010.450000	1015.120000	837
1015.310000	1020.060000	838
1020.260000	1021.630000	839
1022.510000	1024.600000	840
1024.770000	1026.830000	841
1027.030000	1027.130000	842
1027.280000	1028.760000	843
1028.930000	1029.040000	844
1029.160000	1029.460000	845
1029.620000	1032.540000	846
1032.700000	1033.920000	847
1034.050000	1034.460000	848
1034.570000	1034.840000	849
1034.980000	1035.190000	850
1035.310000	1037.740000	851
1037.850000	1039.110000	852
1039.310000	1041.840000	853
1042.040000	1044.200000	854
1044.440000	1046.370000	855
1046.710000	1046.730000	856
1046.900000	1047.280000	857
1047.670000	1048.110000	858
1048.220000	1050.250000	859
1050.360000	1050.470000	860
1050.610000	1051.060000	861
1051.190000	1051.310000	862
1051.430000	1052.230000	863
1052.440000	1053.550000	864
1053.690000	1054.100000	865
1054.230000	1054.270000	866
1054.470000	1054.490000	867
1054.700000	1056.140000	868
1056.250000	1057.300000	869
1057.410000	1057.580000	870
1057.920000	1059.700000	871
1059.810000	1063.190000	872
1063.400000	1063.440000	873
1063.560000	1064.230000	874
1064.430000	1068.590000	875
1068.740000	1069.290000	876
1069.450000	1069.560000	877
1069.670000	1074.790000	878
1074.950000	1075.040000	879
1075.210000	1078.390000	880
1078.590000	1083.780000	881
1083.890000	1085.480000	882
1085.590000	1085.640000	883
1085.770000	1090.070000	884
1090.260000	1090.330000	885
1090.440000	1093.990000	886
1094.100000	1096.050000	887
1096.170000	1096.470000	888
1096.580000	1096.770000	889
1097.150000	1099.860000	890
1100.100000	1107.960000	891
1108.070000	1110.560000	892
1110.710000	1111.950000	893
1112.070000	1112.100000	894
1112.220000	1112.240000	895
1112.350000	1113.470000	896
1113.680000	1113.690000	897
1113.830000	1115.260000	898
1115.400000	1115.550000	899
1115.690000	1117.200000	900
1117.390000	1117.490000	901
1117.610000	1120.580000	902
1120.780000	1122.240000	903
1122.390000	1123.620000	904
1123.770000	1123.980000	905
1124.170000	1124.400000	906
1124.520000	1125.110000	907
1125.250000	1127.650000	908
1127.760000	1130.090000	909
1130.200000	1131.730000	910
1131.840000	1131.990000	911
1132.160000	1135.020000	912
1135.250000	1135.300000	913
1135.470000	1135.890000	914
1136.100000	1137.040000	915
1137.180000	1137.190000	916
1137.460000	1137.970000	917
1138.090000	1138.170000	918
1138.310000	1138.860000	919
1139.060000	1139.580000	920
1139.970000	1140.600000	921
1140.730000	1140.890000	922
1141.140000	1142.000000	923
1142.140000	1142.470000	924
1142.660000	1142.690000	925
1143.010000	1143.880000	926
1144.350000	1145.050000	927
1145.380000	1145.390000	928
1145.630000	1146.620000	929
1146.960000	1147.110000	930
1147.390000	1148.460000	931
1148.670000	1148.810000	932
1148.950000	1149.600000	933
1149.810000	1151.380000	934
1151.540000	1155.460000	935
1155.670000	1157.110000	936
1157.350000	1158.340000	937
1158.670000	1159.030000	938
1159.220000	1159.430000	939
1159.560000	1159.960000	940
1160.120000	1160.890000	941
1161.190000	1161.280000	942
1161.480000	1162.300000	943
1162.450000	1162.940000	944
1163.170000	1164.150000	945
1164.280000	1165.120000	946
1165.320000	1165.390000	947
1165.500000	1167.560000	948
1167.820000	1168.680000	949
1168.860000	1170.170000	950
1170.390000	1171.230000	951
1171.340000	1172.630000	952
1172.820000	1173.530000	953
1173.820000	1174.560000	954
1174.780000	1174.950000	955
1175.070000	1175.350000	956
1175.570000	1176.300000	957
1176.420000	1177.330000	958
1177.450000	1177.570000	959
1177.690000	1179.220000	960
1179.550000	1180.120000	961
1180.350000	1181.620000	962
1181.980000	1182.060000	963
1182.200000	1184.760000	964
1184.910000	1185.000000	965
1185.130000	1186.410000	966
1186.660000	1187.470000	967
1187.810000	1192.500000	968
1192.670000	1193.870000	969
1194.000000	1195.880000	970
1196.070000	1196.220000	971
1196.340000	1197.570000	972
1197.770000	1197.810000	973
1198.010000	1199.180000	974
1199.300000	1199.770000	975
1199.940000	1199.960000	976
1200.190000	1200.570000	977
1200.810000	1201.430000	978
1201.570000	1202.710000	979
1202.850000	1204.190000	980
1204.300000	1204.950000	981
1205.240000	1206.130000	982
1206.310000	1206.330000	983
1206.620000	1207.370000	984
1207.490000	1210.730000	985
1210.840000	1211.420000	986
1211.800000	1213.140000	987
1213.750000	1215.030000	988
1215.310000	1215.320000	989
1215.600000	1216.190000	990
1216.300000	1217.200000	991
1217.400000	1219.410000	992
1219.540000	1219.940000	993
1220.230000	1221.300000	994
1221.770000	1221.780000	995
1222.250000	1224.010000	996
1224.140000	1225.170000	997
1225.280000	1229.210000	998
1229.320000	1230.280000	999
1230.430000	1232.030000	1000
1232.160000	1232.250000	1001
1232.360000	1232.990000	1002
1233.180000	1234.660000	1003
1235.020000	1236.900000	1004
1237.040000	1237.770000	1005
1237.900000	1239.210000	1006
1239.350000	1239.420000	1007
1239.560000	1241.770000	1008
1241.900000	1243.280000	1009
1243.480000	1243.520000	1010
1243.630000	1243.970000	1011
1244.110000	1244.570000	1012
1245.220000	1245.660000	1013
1245.950000	1245.960000	1014
1246.090000	1246.100000	1015
1246.360000	1246.490000	1016
1246.880000	1246.920000	1017
1247.360000	1248.700000	1018
1248.940000	1249.780000	1019
1250.620000	1250.840000	1020
1251.740000	1253.450000	1021
1253.650000	1253.800000	1022
1253.980000	1255.410000	1023
1255.590000	1256.780000	1024
1256.940000	1257.640000	1025
1258.010000	1258.020000	1026
1258.260000	1258.900000	1027
1259.850000	1259.920000	1028
1260.200000	1260.220000	1029
1260.430000	1261.300000	1030
1261.570000	1263.550000	1031
1263.690000	1264.080000	1032
1264.310000	1264.870000	1033
1265.090000	1265.570000	1034
1265.720000	1266.500000	1035
1266.610000	1266.750000	1036
1266.860000	1268.800000	1037
1268.910000	1269.660000	1038
1269.870000	1269.880000	1039
1270.360000	1270.770000	1040
1271.090000	1271.100000	1041
1271.350000	1271.660000	1042
1271.790000	1272.210000	1043
1272.390000	1272.400000	1044
1272.550000	1273.090000	1045
1274.200000	1274.580000	1046
1275.680000	1276.340000	1047
1276.770000	1276.790000	1048
1277.250000	1278.120000	1049
1278.340000	1280.220000	1050
1280.360000	1281.350000	1051
1281.480000	1281.750000	1052
1281.910000	1282.950000	1053
1283.060000	1283.300000	1054
1283.410000	1284.190000	1055
1284.520000	1284.530000	1056
1284.770000	1285.620000	1057
1285.730000	1286.670000	1058
1286.820000	1289.080000	1059
1289.220000	1289.280000	1060
1289.470000	1290.420000	1061
1290.840000	1291.010000	1062
1291.140000	1291.980000	1063
1292.120000	1293.490000	1064
1294.050000	1295.290000	1065
1295.600000	1296.080000	1066
1296.300000	1297.990000	1067
1298.250000	1298.260000	1068
1298.870000	1299.400000	1069
1299.520000	1302.990000	1070
1303.110000	1303.440000	1071
1304.040000	1304.900000	1072
1305.130000	1305.140000	1073
1305.390000	1305.900000	1074
1306.060000	1306.180000	1075
1306.310000	1306.940000	1076
1307.130000	1307.170000	1077
1307.300000	1308.480000	1078
1308.650000	1311.290000	1079
1311.400000	1311.500000	1080
1311.710000	1312.360000	1081
1312.580000	1312.680000	1082
1312.790000	1313.540000	1083
1313.760000	1313.940000	1084
1314.090000	1315.820000	1085
1316.060000	1316.070000	1086
1316.180000	1316.810000	1087
1317.100000	1317.840000	1088
1318.090000	1319.030000	1089
1319.150000	1319.820000	1090
1319.980000	1320.080000	1091
1320.260000	1320.830000	1092
1321.040000	1323.240000	1093
1323.450000	1323.560000	1094
1323.820000	1326.840000	1095
1326.950000	1328.270000	1096
1328.440000	1335.690000	1097
1335.820000	1335.900000	1098
1336.080000	1337.260000	1099
1337.980000	1341.320000	1100
1341.450000	1343.560000	1101
1343.880000	1347.380000	1102
1347.510000	1347.530000	1103
1347.750000	1348.770000	1104
1348.890000	1350.030000	1105
1350.150000	1350.160000	1106
1350.290000	1351.140000	1107
1351.260000	1351.360000	1108
1351.520000	1352.610000	1109
1352.770000	1356.060000	1110
1356.270000	1357.560000	1111
1357.670000	1361.150000	1112
1361.290000	1361.450000	1113
1361.760000	1362.100000	1114
1362.430000	1363.380000	1115
1363.550000	1363.600000	1116
1363.750000	1364.100000	1117
1364.220000	1365.480000	1118
1365.730000	1366.080000	1119
1366.210000	1366.580000	1120
1366.950000	1369.550000	1121
1370.080000	1370.710000	1122
1370.870000	1370.890000	1123
1371.080000	1379.640000	1124
1379.830000	1380.160000	1125
1380.650000	1381.760000	1126
1381.960000	1382.140000	1127
1382.410000	1383.030000	1128
1383.340000	1383.450000	1129
1383.600000	1384.720000	1130
1384.930000	1385.980000	1131
1386.670000	1386.860000	1132
1386.990000	1390.220000	1133
1390.460000	1392.110000	1134
1392.270000	1392.860000	1135
1393.000000	1393.130000	1136
1393.340000	1394.150000	1137
1394.290000	1395.380000	1138
1395.530000	1395.540000	1139
1395.720000	1396.360000	1140
1396.810000	1397.310000	1141
1397.700000	1398.630000	1142
1398.880000	1398.900000	1143
1399.050000	1399.100000	1144
1399.230000	1399.750000	1145
1399.930000	1400.470000	1146
1400.650000	1400.860000	1147
1400.970000	1401.630000	1148
1401.780000	1402.200000	1149
1402.310000	1402.320000	1150
1402.480000	1402.610000	1151
1402.860000	1403.160000	1152
1403.280000	1406.380000	1153
1406.710000	1409.840000	1154
1409.980000	1410.600000	1155
1410.750000	1410.870000	1156
1411.000000	1411.500000	1157
1411.780000	1412.380000	1158
1412.640000	1412.650000	1159
1412.780000	1414.210000	1160
1414.360000	1416.120000	1161
1416.270000	1416.340000	1162
1416.470000	1417.070000	1163
1417.600000	1417.730000	1164
1417.940000	1418.730000	1165
1418.850000	1419.180000	1166
1419.350000	1419.540000	1167
1419.830000	1420.320000	1168
1420.470000	1420.720000	1169
1421.180000	1422.520000	1170
1422.910000	1424.760000	1171
1424.910000	1426.750000	1172
1427.540000	1427.810000	1173
1428.020000	1428.080000	1174
1428.530000	1429.250000	1175
1429.410000	1429.460000	1176
1429.750000	1429.760000	1177
1429.920000	1429.940000	1178
1430.070000	1430.610000	1179
1430.790000	1430.840000	1180
1431.190000	1431.220000	1181
1431.480000	1431.560000	1182
1432.070000	1432.430000	1183
1433.380000	1433.970000	1184
1434.170000	1434.360000	1185
1434.520000	1436.260000	1186
1436.560000	1437.700000	1187
1437.920000	1442.740000	1188
1442.880000	1443.100000	1189
1443.230000	1444.290000	1190
1444.440000	1444.450000	1191
1444.610000	1447.220000	1192
1447.400000	1448.730000	1193
1448.860000	1450.360000	1194
1450.540000	1450.680000	1195
1450.830000	1451.500000	1196
1451.610000	1451.620000	1197
1451.750000	1453.800000	1198
1454.010000	1454.030000	1199
1454.210000	1455.170000	1200
1455.300000	1456.910000	1201
1457.120000	1458.980000	1202
1459.100000	1459.160000	1203
1459.490000	1459.880000	1204
1459.990000	1460.120000	1205
1460.260000	1461.160000	1206
1461.780000	1461.910000	1207
1462.070000	1462.470000	1208
1462.580000	1464.870000	1209
1465.140000	1467.540000	1210
1467.680000	1468.510000	1211
1469.010000	1471.590000	1212
1471.740000	1471.750000	1213
1471.910000	1474.210000	1214
1474.340000	1474.350000	1215
1474.540000	1476.300000	1216
1476.410000	1477.890000	1217
1478.040000	1479.550000	1218
1479.680000	1479.780000	1219
1479.910000	1480.160000	1220
1480.860000	1480.870000	1221
1481.000000	1481.740000	1222
1482.280000	1482.700000	1223
1483.430000	1484.120000	1224
1485.270000	1486.250000	1225
1486.510000	1486.670000	1226
1486.860000	1486.880000	1227
1487.140000	1488.000000	1228
1488.340000	1488.350000	1229
1488.510000	1488.520000	1230
1488.780000	1489.180000	1231
1489.510000	1489.680000	1232
1490.060000	1492.170000	1233
1492.370000	1493.840000	1234
1494.030000	1494.170000	1235
1494.380000	1496.040000	1236
1496.640000	1497.540000	1237
1497.900000	1497.910000	1238
1498.040000	1498.070000	1239
1498.560000	1498.620000	1240
1498.790000	1499.610000	1241
1499.940000	1500.000000	1242
1500.110000	1500.830000	1243
1501.210000	1503.810000	1244
1504.140000	1504.190000	1245
1504.360000	1504.940000	1246
1505.110000	1505.350000	1247
1505.530000	1505.560000	1248
1505.690000	1506.470000	1249
1506.600000	1507.080000	1250
1507.280000	1507.410000	1251
1507.630000	1509.240000	1252
1509.350000	1509.510000	1253
1509.730000	1509.790000	1254
1510.040000	1511.190000	1255
1511.340000	1511.730000	1256
1511.900000	1514.400000	1257
1514.690000	1516.040000	1258
1516.150000	1516.250000	1259
1516.410000	1518.630000	1260
1518.760000	1521.850000	1261
1521.990000	1522.970000	1262
1523.120000	1523.210000	1263
1523.340000	1523.950000	1264
1524.070000	1524.960000	1265
1525.120000	1525.930000	1266
1526.160000	1528.110000	1267
1528.280000	1529.860000	1268
1530.030000	1530.040000	1269
1530.340000	1530.410000	1270
1530.640000	1531.840000	1271
1532.030000	1533.000000	1272
1533.160000	1534.110000	1273
1534.390000	1534.410000	1274
1534.560000	1534.580000	1275
1534.690000	1535.810000	1276
1535.990000	1536.000000	1277
1536.240000	1536.860000	1278
1537.010000	1537.890000	1279
1538.060000	1538.070000	1280
1538.240000	1538.510000	1281
1538.670000	1539.980000	1282
1540.160000	1540.570000	1283
1540.870000	1541.220000	1284
1541.550000	1541.970000	1285
1542.170000	1543.080000	1286
1543.270000	1543.680000	1287
1543.980000	1544.340000	1288
1544.510000	1546.250000	1289
1546.410000	1547.230000	1290
1547.340000	1548.210000	1291
1548.550000	1549.240000	1292
1549.430000	1549.440000	1293
1549.580000	1550.840000	1294
1550.970000	1550.980000	1295
1551.090000	1551.800000	1296
1552.100000	1552.770000	1297
1553.090000	1553.310000	1298
1553.450000	1553.480000	1299
1553.800000	1554.030000	1300
1554.150000	1554.170000	1301
1554.290000	1555.950000	1302
1556.080000	1556.100000	1303
1556.240000	1556.300000	1304
1556.440000	1557.480000	1305
1557.640000	1559.940000	1306
1560.090000	1560.530000	1307
1560.650000	1560.740000	1308
1560.930000	1561.380000	1309
1561.500000	1563.390000	1310
1563.560000	1564.870000	1311
1565.010000	1565.140000	1312
1565.260000	1566.510000	1313
1566.970000	1567.370000	1314
1567.520000	1568.360000	1315
1568.760000	1569.090000	1316
1569.200000	1569.220000	1317
1569.370000	1569.410000	1318
1569.550000	1571.270000	1319
1571.490000	1571.560000	1320
1571.830000	1572.130000	1321
1572.240000	1572.730000	1322
1572.930000	1572.970000	1323
1573.140000	1573.640000	1324
1573.780000	1573.790000	1325
1574.020000	1574.510000	1326
1574.660000	1574.670000	1327
1574.880000	1575.370000	1328
1575.490000	1576.270000	1329
1576.460000	1577.430000	1330
1577.640000	1578.460000	1331
1578.590000	1581.040000	1332
1581.170000	1584.490000	1333
1584.650000	1584.780000	1334
1584.950000	1585.930000	1335
1586.100000	1588.090000	1336
1588.220000	1588.250000	1337
1588.890000	1588.950000	1338
1589.270000	1590.880000	1339
1591.010000	1593.020000	1340
1593.160000	1593.450000	1341
1593.560000	1593.580000	1342
1593.800000	1594.730000	1343
1594.860000	1597.180000	1344
1597.320000	1597.350000	1345
1597.500000	1598.110000	1346
1598.220000	1600.930000	1347
1601.040000	1602.810000	1348
1602.920000	1604.310000	1349
1604.440000	1606.310000	1350
1606.420000	1606.930000	1351
1607.050000	1608.070000	1352
1608.180000	1608.470000	1353
1608.590000	1611.360000	1354
1611.470000	1613.450000	1355
1613.570000	1613.660000	1356
1613.810000	1614.370000	1357
1614.490000	1615.550000	1358
1615.660000	1615.800000	1359
1615.950000	1616.260000	1360
1616.410000	1617.770000	1361
1617.910000	1618.010000	1362
1618.140000	1618.830000	1363
1619.210000	1619.420000	1364
1619.830000	1619.880000	1365
1620.020000	1620.270000	1366
1620.410000	1620.640000	1367
1620.900000	1621.720000	1368
1621.830000	1622.270000	1369
1622.380000	1623.240000	1370
1623.430000	1623.560000	1371
1623.730000	1624.730000	1372
1624.960000	1624.970000	1373
1625.140000	1627.840000	1374
1628.270000	1630.490000	1375
1630.780000	1632.130000	1376
1632.260000	1632.500000	1377
1632.620000	1632.920000	1378
1633.100000	1633.230000	1379
1633.520000	1634.070000	1380
1634.250000	1634.290000	1381
1634.550000	1635.880000	1382
1636.000000	1636.920000	1383
1637.050000	1638.430000	1384
1638.560000	1639.720000	1385
1640.010000	1640.910000	1386
1641.210000	1642.750000	1387
1642.880000	1643.640000	1388
1643.940000	1646.770000	1389
1646.890000	1646.920000	1390
1647.120000	1647.680000	1391
1647.790000	1651.080000	1392
1651.210000	1653.700000	1393
1653.810000	1655.200000	1394
1655.320000	1656.600000	1395
1656.820000	1658.800000	1396
1658.960000	1660.730000	1397
1660.940000	1661.790000	1398
1661.970000	1661.980000	1399
1662.170000	1662.640000	1400
1663.060000	1663.620000	1401
1663.780000	1663.790000	1402
1664.140000	1664.150000	1403
1664.450000	1664.810000	1404
1664.930000	1669.170000	1405
1669.290000	1670.250000	1406
1670.360000	1671.490000	1407
1671.630000	1671.970000	1408
1672.390000	1673.170000	1409
1673.370000	1673.510000	1410
1673.680000	1674.790000	1411
1675.370000	1676.260000	1412
1676.870000	1677.590000	1413
1677.920000	1679.300000	1414
1679.600000	1680.260000	1415
1680.520000	1682.970000	1416
1683.120000	1683.830000	1417
1683.960000	1684.020000	1418
1684.140000	1684.860000	1419
1685.080000	1686.030000	1420
1686.350000	1686.360000	1421
1686.500000	1687.000000	1422
1687.400000	1687.710000	1423
1687.840000	1690.220000	1424
1690.380000	1691.010000	1425
1691.160000	1691.270000	1426
1691.590000	1691.630000	1427
1692.110000	1692.120000	1428
1692.280000	1692.960000	1429
1693.880000	1694.500000	1430
1695.550000	1696.010000	1431
1696.160000	1696.720000	1432
1696.880000	1699.930000	1433
1700.110000	1700.360000	1434
1700.470000	1700.730000	1435
1701.150000	1702.310000	1436
1702.450000	1702.640000	1437
1702.790000	1703.100000	1438
1703.260000	1703.300000	1439
1703.430000	1704.160000	1440
1704.590000	1705.280000	1441
1705.550000	1705.610000	1442
1705.770000	1707.860000	1443
1708.100000	1709.140000	1444
1709.630000	1710.570000	1445
1710.680000	1710.890000	1446
1711.020000	1712.030000	1447
1712.350000	1712.360000	1448
1712.490000	1713.910000	1449
1714.230000	1714.320000	1450
1714.440000	1714.880000	1451
1715.350000	1715.830000	1452
1716.170000	1716.880000	1453
1717.130000	1717.470000	1454
1717.920000	1719.740000	1455
1720.450000	1720.860000	1456
1721.480000	1722.320000	1457
1722.720000	1722.760000	1458
1722.980000	1723.690000	1459
1723.950000	1724.130000	1460
1724.650000	1725.330000	1461
1725.810000	1729.050000	1462
1729.690000	1729.700000	1463
1729.920000	1730.010000	1464
1730.180000	1730.340000	1465
1731.340000	1731.510000	1466
1731.640000	1731.780000	1467
1732.770000	1733.470000	1468
1733.670000	1733.710000	1469
1734.020000	1734.090000	1470
1734.300000	1734.990000	1471
1735.170000	1735.210000	1472
1735.390000	1737.160000	1473
1737.960000	1738.490000	1474
1738.650000	1739.290000	1475
1739.540000	1739.900000	1476
1740.070000	1740.680000	1477
1741.220000	1742.890000	1478
1743.430000	1744.030000	1479
1744.150000	1744.220000	1480
1744.530000	1745.940000	1481
1746.260000	1748.240000	1482
1748.380000	1748.500000	1483
1748.700000	1749.380000	1484
1749.530000	1751.450000	1485
1751.630000	1755.000000	1486
1755.110000	1761.830000	1487
1761.950000	1762.070000	1488
1762.340000	1762.960000	1489
1763.120000	1764.110000	1490
1764.290000	1764.310000	1491
1764.450000	1765.840000	1492
1765.980000	1766.120000	1493
1766.230000	1766.640000	1494
1767.040000	1767.050000	1495
1767.310000	1769.810000	1496
1770.250000	1771.270000	1497
1771.450000	1771.480000	1498
1771.590000	1771.610000	1499
1771.860000	1774.290000	1500
1774.400000	1775.810000	1501
1775.980000	1776.030000	1502
1776.190000	1776.980000	1503
1777.190000	1777.230000	1504
1777.340000	1778.050000	1505
1778.190000	1782.960000	1506
1783.130000	1784.470000	1507
1784.590000	1786.620000	1508
1786.790000	1786.880000	1509
1787.060000	1787.700000	1510
1787.930000	1788.520000	1511
1788.700000	1789.120000	1512
1789.530000	1790.040000	1513
1790.200000	1792.610000	1514
1792.750000	1792.900000	1515
1793.020000	1793.940000	1516
1794.230000	1794.250000	1517
1794.360000	1795.270000	1518
1795.480000	1799.470000	1519
1799.600000	1800.060000	1520
1800.260000	1800.720000	1521
1800.840000	1800.940000	1522
1801.070000	1802.390000	1523
1802.530000	1803.510000	1524
1803.740000	1813.350000	1525
1813.630000	1816.350000	1526
1816.470000	1818.660000	1527
1818.830000	1818.960000	1528
1819.210000	1820.140000	1529
1820.270000	1821.810000	1530
1821.940000	1824.600000	1531
1824.900000	1824.910000	1532
1825.170000	1827.650000	1533
1827.780000	1828.800000	1534
1828.920000	1828.930000	1535
1829.170000	1829.210000	1536
1829.370000	1829.860000	1537
1830.210000	1830.440000	1538
1830.650000	1830.800000	1539
1831.020000	1831.750000	1540
1831.860000	1832.150000	1541
1832.260000	1834.010000	1542
1834.270000	1835.040000	1543
1835.540000	1836.160000	1544
1836.410000	1836.940000	1545
1837.050000	1837.060000	1546
1837.330000	1837.600000	1547
1837.890000	1838.140000	1548
1838.340000	1839.530000	1549
1839.690000	1839.910000	1550
1840.120000	1841.660000	1551
1841.770000	1846.020000	1552
1846.150000	1847.530000	1553
1847.660000	1847.680000	1554
1847.800000	1848.870000	1555
1848.980000	1849.640000	1556
1850.120000	1850.670000	1557
1850.880000	1852.050000	1558
1852.550000	1855.360000	1559
1855.630000	1855.780000	1560
1855.890000	1856.340000	1561
1856.560000	1856.610000	1562
1856.730000	1857.220000	1563
1857.430000	1857.470000	1564
1857.600000	1857.690000	1565
1857.920000	1858.350000	1566
1859.040000	1859.740000	1567
1860.750000	1860.950000	1568
1861.320000	1861.330000	1569
1861.670000	1861.700000	1570
1862.100000	1862.260000	1571
1862.380000	1863.090000	1572
1863.880000	1864.750000	1573
1865.330000	1866.210000	1574
1866.490000	1866.500000	1575
1866.680000	1866.690000	1576
1866.880000	1867.440000	1577
1867.750000	1867.780000	1578
1867.940000	1869.200000	1579
1869.510000	1869.520000	1580
1869.630000	1869.640000	1581
1869.890000	1870.540000	1582
1871.500000	1872.360000	1583
1873.110000	1874.350000	1584
1874.990000	1875.670000	1585
1876.260000	1878.540000	1586
1878.870000	1879.290000	1587
1879.530000	1879.930000	1588
1880.070000	1880.080000	1589
1880.340000	1881.960000	1590
1882.100000	1882.140000	1591
1882.300000	1883.130000	1592
1883.290000	1883.300000	1593
1883.430000	1884.000000	1594
1884.190000	1886.090000	1595
1886.500000	1887.190000	1596
1887.310000	1887.320000	1597
1887.570000	1887.860000	1598
1888.420000	1888.740000	1599
1888.910000	1889.800000	1600
1890.570000	1891.050000	1601
1892.250000	1892.560000	1602
1892.700000	1893.090000	1603
1893.370000	1894.230000	1604
1894.970000	1895.450000	1605
1895.770000	1896.340000	1606
1896.850000	1897.500000	1607
1898.360000	1898.670000	1608
1899.810000	1900.300000	1609
1901.130000	1901.140000	1610
1901.370000	1902.220000	1611
1902.750000	1903.290000	1612
1903.910000	1904.870000	1613
1905.010000	1905.480000	1614
1906.000000	1906.040000	1615
1906.280000	1906.350000	1616
1907.130000	1908.520000	1617
1909.060000	1909.070000	1618
1909.230000	1909.640000	1619
1910.480000	1911.050000	1620
1911.540000	1917.290000	1621
1917.570000	1918.110000	1622
1918.280000	1919.040000	1623
1919.420000	1919.850000	1624
1920.300000	1920.690000	1625
1921.100000	1921.590000	1626
1922.330000	1922.840000	1627
1923.510000	1924.030000	1628
1924.140000	1924.210000	1629
1924.990000	1925.910000	1630
1927.100000	1928.080000	1631
1928.230000	1928.240000	1632
1929.000000	1929.900000	1633
1930.520000	1931.260000	1634
1931.860000	1932.340000	1635
1932.890000	1933.350000	1636
1934.400000	1934.580000	1637
1934.690000	1935.240000	1638
1936.120000	1937.100000	1639
1938.010000	1939.860000	1640
1940.190000	1940.770000	1641
1941.100000	1941.690000	1642
1941.990000	1943.160000	1643
1943.350000	1944.020000	1644
1944.210000	1944.220000	1645
1944.360000	1944.980000	1646
1945.220000	1945.230000	1647
1945.410000	1947.190000	1648
1947.360000	1947.960000	1649
1948.320000	1949.480000	1650
1949.970000	1950.810000	1651
1951.000000	1951.080000	1652
1951.200000	1951.950000	1653
1952.290000	1954.170000	1654
1954.320000	1955.660000	1655
1956.000000	1957.490000	1656
1957.940000	1958.600000	1657
1958.790000	1958.840000	1658
1959.270000	1959.680000	1659
1959.970000	1962.610000	1660
1962.820000	1965.330000	1661
1965.860000	1966.250000	1662
1966.640000	1967.180000	1663
1968.080000	1968.990000	1664
1969.210000	1969.220000	1665
1969.470000	1970.400000	1666
1970.790000	1972.200000	1667
1972.310000	1973.680000	1668
1973.790000	1974.660000	1669
1974.780000	1975.210000	1670
1975.530000	1976.020000	1671
1976.330000	1977.440000	1672
1977.730000	1978.590000	1673
1978.700000	1979.840000	1674
1979.980000	1980.010000	1675
1980.170000	1980.780000	1676
1980.980000	1981.010000	1677
1981.120000	1981.970000	1678
1982.630000	1982.950000	1679
1983.540000	1983.930000	1680
1984.930000	1984.940000	1681
1985.130000	1985.950000	1682
1986.220000	1987.790000	1683
1987.930000	1987.990000	1684
1988.130000	1989.710000	1685
1990.140000	1990.530000	1686
1990.720000	1990.760000	1687
1990.870000	1991.630000	1688
1991.790000	1991.960000	1689
1992.130000	1992.500000	1690
1992.660000	1993.560000	1691
1993.740000	1993.750000	1692
1993.930000	1994.410000	1693
1994.790000	1995.380000	1694
1995.550000	1995.600000	1695
1995.830000	1996.180000	1696
1996.510000	1996.520000	1697
1996.750000	1997.090000	1698
1997.420000	1998.460000	1699
1998.720000	1998.730000	1700
1998.900000	1999.660000	1701
1999.930000	1999.980000	1702
2000.200000	2000.400000	1703
2000.580000	2000.600000	1704
2000.970000	2001.890000	1705
2002.030000	2003.200000	1706
2003.910000	2004.230000	1707
2005.140000	2005.830000	1708
2006.390000	2007.030000	1709
2007.780000	2008.660000	1710
2009.020000	2009.100000	1711
2009.300000	2009.830000	1712
2009.990000	2010.200000	1713
2010.400000	2011.080000	1714
2011.960000	2012.270000	1715
2013.220000	2013.880000	1716
2014.530000	2014.850000	1717
2015.640000	2016.560000	1718
2016.790000	2016.800000	1719
2017.020000	2018.750000	1720
2019.040000	2019.280000	1721
2019.500000	2020.450000	1722
2020.590000	2021.800000	1723
2022.000000	2022.620000	1724
2022.820000	2022.910000	1725
2023.050000	2023.680000	1726
2024.510000	2026.110000	1727
2026.440000	2027.410000	1728
2027.720000	2028.680000	1729
2029.200000	2030.820000	1730
2031.010000	2031.090000	1731
2031.260000	2031.760000	1732
2032.070000	2032.080000	1733
2032.210000	2032.450000	1734
2032.820000	2033.950000	1735
2034.220000	2034.250000	1736
2034.380000	2035.540000	1737
2035.690000	2035.700000	1738
2035.840000	2037.700000	1739
2037.920000	2038.010000	1740
2038.220000	2038.670000	1741
2038.800000	2039.000000	1742
2039.240000	2040.250000	1743
2041.030000	2041.490000	1744
2041.850000	2041.910000	1745
2042.050000	2042.350000	1746
2042.930000	2043.410000	1747
2044.370000	2044.510000	1748
2044.650000	2044.760000	1749
2045.710000	2046.510000	1750
2047.300000	2048.390000	1751
2049.640000	2050.860000	1752
2051.210000	2051.220000	1753
2051.330000	2052.720000	1754
2053.640000	2054.440000	1755
2054.820000	2056.530000	1756
2057.120000	2057.960000	1757
2058.550000	2059.170000	1758
2059.510000	2059.560000	1759
2059.750000	2061.260000	1760
2061.630000	2062.020000	1761
2062.310000	2063.230000	1762
2063.730000	2064.210000	1763
2064.840000	2065.210000	1764
2065.450000	2065.480000	1765
2065.830000	2066.210000	1766
2066.450000	2066.580000	1767
2066.700000	2067.050000	1768
2067.220000	2068.160000	1769
2068.290000	2068.300000	1770
2068.600000	2069.280000	1771
2069.390000	2069.930000	1772
2070.270000	2072.130000	1773
2072.330000	2072.360000	1774
2072.640000	2073.120000	1775
2073.260000	2073.480000	1776
2073.630000	2074.630000	1777
2076.440000	2076.560000	1778
2077.090000	2077.730000	1779
2078.140000	2079.210000	1780
2079.880000	2080.270000	1781
2080.690000	2081.560000	1782
2082.180000	2082.360000	1783
2082.520000	2082.590000	1784
2082.770000	2083.500000	1785
2083.890000	2083.910000	1786
2084.110000	2085.350000	1787
2085.540000	2086.050000	1788
2086.210000	2086.220000	1789
2086.440000	2087.910000	1790
2088.060000	2088.170000	1791
2088.370000	2089.020000	1792
2089.140000	2090.030000	1793
2090.670000	2091.250000	1794
2092.000000	2092.390000	1795
2093.370000	2094.220000	1796
2094.940000	2095.070000	1797
2095.270000	2096.000000	1798
2097.100000	2097.630000	1799
2098.940000	2100.060000	1800
2100.950000	2103.840000	1801
2104.400000	2105.180000	1802
2105.700000	2105.960000	1803
2106.120000	2107.950000	1804
2108.310000	2108.370000	1805
2108.680000	2109.150000	1806
2109.780000	2110.110000	1807
2110.760000	2111.220000	1808
2111.950000	2113.750000	1809
2114.220000	2114.230000	1810
2114.620000	2115.240000	1811
2116.250000	2117.120000	1812
2117.280000	2118.610000	1813
2118.740000	2120.980000	1814
2121.110000	2121.320000	1815
2121.440000	2122.710000	1816
2123.280000	2124.750000	1817
2125.090000	2127.690000	1818
2127.800000	2128.180000	1819
2128.310000	2128.750000	1820
2128.910000	2129.180000	1821
2129.690000	2130.630000	1822
2130.760000	2130.850000	1823
2131.620000	2132.180000	1824
2133.210000	2133.950000	1825
2134.080000	2134.170000	1826
2134.290000	2134.470000	1827
2134.580000	2135.010000	1828
2135.790000	2136.190000	1829
2137.310000	2137.760000	1830
2138.770000	2139.610000	1831
2140.400000	2142.140000	1832
2142.260000	2143.420000	1833
2143.530000	2145.070000	1834
2145.220000	2145.660000	1835
2146.010000	2146.080000	1836
2146.250000	2147.920000	1837
2148.130000	2148.150000	1838
2148.320000	2149.770000	1839
2149.980000	2149.990000	1840
2150.180000	2150.220000	1841
2150.450000	2151.030000	1842
2151.700000	2152.740000	1843
2152.850000	2152.860000	1844
2153.080000	2154.170000	1845
2154.340000	2155.520000	1846
2155.680000	2155.820000	1847
2155.950000	2155.960000	1848
2156.600000	2160.250000	1849
2160.860000	2160.880000	1850
2161.110000	2162.360000	1851
2163.180000	2163.200000	1852
2163.440000	2164.690000	1853
2165.350000	2165.500000	1854
2165.640000	2165.650000	1855
2167.030000	2168.660000	1856
2169.390000	2169.410000	1857
2169.580000	2171.550000	1858
2172.120000	2172.530000	1859
2172.840000	2172.930000	1860
2173.040000	2175.300000	1861
2175.600000	2175.630000	1862
2175.870000	2175.880000	1863
2176.100000	2176.750000	1864
2176.960000	2177.880000	1865
2178.000000	2178.370000	1866
2178.820000	2181.670000	1867
2182.040000	2184.000000	1868
2184.460000	2184.980000	1869
2185.100000	2186.300000	1870
2186.890000	2189.950000	1871
2190.410000	2191.150000	1872
2191.270000	2191.380000	1873
2191.550000	2192.520000	1874
2193.250000	2194.740000	1875
2195.180000	2196.680000	1876
2196.870000	2201.220000	1877
2201.400000	2202.800000	1878
2203.440000	2203.900000	1879
2204.750000	2204.770000	1880
2205.170000	2205.560000	1881
2206.060000	2206.080000	1882
2206.250000	2207.410000	1883
2207.960000	2208.020000	1884
2208.210000	2208.500000	1885
2209.460000	2209.500000	1886
2209.620000	2213.400000	1887
2213.770000	2214.010000	1888
2214.120000	2214.690000	1889
2215.290000	2215.950000	1890
2216.310000	2216.440000	1891
2216.610000	2218.180000	1892
2218.290000	2218.310000	1893
2218.460000	2218.480000	1894
2218.620000	2220.620000	1895
2220.750000	2222.580000	1896
2222.890000	2223.420000	1897
2223.570000	2224.270000	1898
2224.460000	2224.570000	1899
2224.780000	2226.710000	1900
2226.860000	2227.980000	1901
2228.440000	2229.310000	1902
2229.460000	2229.510000	1903
2229.700000	2230.110000	1904
2230.270000	2232.370000	1905
2232.550000	2233.160000	1906
2233.370000	2233.730000	1907
2233.980000	2234.020000	1908
2234.130000	2235.170000	1909
2235.430000	2236.560000	1910
2236.680000	2237.790000	1911
2238.090000	2240.970000	1912
2241.140000	2241.510000	1913
2241.830000	2244.030000	1914
2244.320000	2244.930000	1915
2245.460000	2247.870000	1916
2248.210000	2248.760000	1917
2249.360000	2250.210000	1918
2250.440000	2250.470000	1919
2250.640000	2251.840000	1920
2252.060000	2252.740000	1921
2252.960000	2253.500000	1922
2253.740000	2253.750000	1923
2253.950000	2255.770000	1924
2255.960000	2257.600000	1925
2258.010000	2258.490000	1926
2258.880000	2259.040000	1927
2259.160000	2259.440000	1928
2259.720000	2259.890000	1929
2260.000000	2261.660000	1930
2261.910000	2264.500000	1931
2264.930000	2265.680000	1932
2266.030000	2267.280000	1933
2267.390000	2267.430000	1934
2267.620000	2267.700000	1935
2267.960000	2269.510000	1936
2269.830000	2274.100000	1937
2274.650000	2275.310000	1938
2275.460000	2275.510000	1939
2275.700000	2280.270000	1940
2280.750000	2281.090000	1941
2281.390000	2282.830000	1942
2282.960000	2284.600000	1943
2284.790000	2284.920000	1944
2285.030000	2288.160000	1945
2288.500000	2289.650000	1946
2290.150000	2290.840000	1947
2291.000000	2292.450000	1948
2292.800000	2293.610000	1949
2293.740000	2294.430000	1950
2294.860000	2297.710000	1951
2297.910000	2298.500000	1952
2298.680000	2299.550000	1953
2299.780000	2299.800000	1954
2299.960000	2301.710000	1955
2301.960000	2302.250000	1956
2302.370000	2305.180000	1957
2305.460000	2305.480000	1958
2305.910000	2309.300000	1959
2309.630000	2310.510000	1960
2311.140000	2313.100000	1961
2313.240000	2313.670000	1962
2314.220000	2316.110000	1963
2316.540000	2317.480000	1964
2317.640000	2317.740000	1965
2317.880000	2317.900000	1966
2318.310000	2321.750000	1967
2321.860000	2323.010000	1968
2323.290000	2323.640000	1969
2323.910000	2326.170000	1970
2326.280000	2328.010000	1971
