START		STOP		LABEL
1.130000	1.390000	1
1.500000	1.650000	2
1.780000	2.090000	3
2.380000	2.420000	4
2.710000	3.080000	5
3.230000	3.330000	6
3.810000	4.130000	7
4.900000	4.950000	8
5.200000	5.430000	9
5.630000	6.050000	10
6.490000	6.950000	11
7.140000	7.490000	12
7.670000	8.040000	13
8.330000	8.540000	14
8.650000	8.660000	15
8.920000	9.130000	16
9.500000	9.560000	17
9.760000	9.980000	18
10.130000	10.220000	19
10.500000	10.700000	20
11.030000	11.210000	21
12.070000	12.120000	22
12.310000	12.400000	23
12.600000	12.630000	24
13.290000	13.640000	25
13.850000	14.050000	26
14.210000	14.360000	27
15.130000	15.140000	28
15.320000	15.350000	29
15.660000	15.820000	30
15.930000	16.220000	31
16.400000	17.310000	32
17.480000	17.500000	33
17.680000	18.010000	34
18.140000	18.150000	35
18.330000	18.590000	36
18.710000	18.800000	37
18.910000	19.550000	38
19.670000	20.220000	39
20.440000	20.540000	40
20.650000	20.720000	41
20.970000	21.440000	42
21.810000	22.050000	43
22.580000	22.780000	44
22.890000	23.690000	45
23.810000	24.020000	46
24.630000	25.190000	47
25.320000	25.450000	48
26.190000	26.360000	49
26.780000	27.000000	50
27.360000	28.410000	51
28.620000	28.830000	52
29.030000	29.130000	53
29.290000	29.470000	54
29.580000	29.700000	55
29.900000	30.600000	56
30.760000	31.260000	57
31.410000	32.210000	58
32.380000	32.640000	59
35.500000	35.740000	60
35.890000	36.110000	61
36.450000	37.320000	62
37.740000	38.040000	63
38.240000	38.520000	64
38.910000	39.010000	65
39.140000	39.200000	66
39.540000	39.580000	67
39.820000	40.420000	68
40.560000	41.280000	69
41.530000	42.100000	70
42.880000	43.100000	71
43.270000	43.460000	72
43.610000	43.800000	73
43.950000	44.190000	74
44.360000	44.660000	75
44.790000	45.270000	76
45.450000	45.610000	77
45.720000	46.190000	78
46.640000	46.820000	79
46.990000	47.120000	80
48.050000	48.460000	81
49.580000	49.930000	82
50.110000	50.240000	83
50.370000	50.550000	84
50.740000	50.950000	85
51.090000	51.200000	86
51.610000	51.710000	87
51.960000	52.380000	88
52.630000	53.080000	89
53.250000	53.430000	90
53.620000	53.860000	91
54.230000	54.310000	92
54.540000	55.370000	93
56.140000	56.400000	94
57.000000	57.670000	95
57.820000	58.050000	96
58.400000	58.570000	97
58.740000	58.920000	98
59.070000	59.230000	99
59.400000	60.010000	100
60.190000	60.300000	101
60.640000	60.700000	102
61.160000	61.210000	103
61.920000	61.970000	104
62.230000	62.350000	105
62.640000	62.650000	106
64.330000	64.970000	107
65.190000	65.530000	108
66.200000	66.280000	109
67.230000	67.510000	110
67.630000	67.670000	111
68.730000	68.850000	112
69.870000	70.110000	113
70.230000	70.240000	114
71.230000	72.160000	115
72.310000	72.330000	116
72.550000	72.780000	117
73.210000	73.290000	118
74.080000	74.140000	119
74.350000	74.750000	120
75.400000	75.940000	121
76.110000	76.290000	122
76.410000	76.540000	123
76.710000	76.800000	124
76.940000	77.050000	125
78.030000	78.230000	126
78.400000	78.450000	127
78.670000	78.970000	128
80.370000	80.460000	129
80.580000	80.590000	130
80.810000	81.400000	131
82.010000	82.790000	132
83.040000	83.060000	133
83.220000	83.230000	134
83.520000	83.810000	135
84.210000	84.220000	136
84.600000	84.730000	137
84.850000	84.980000	138
85.210000	85.400000	139
85.760000	85.770000	140
86.100000	86.450000	141
86.650000	87.180000	142
87.310000	87.980000	143
88.130000	88.330000	144
88.590000	88.650000	145
89.210000	89.220000	146
89.480000	89.760000	147
89.900000	89.980000	148
90.210000	90.220000	149
90.530000	90.730000	150
90.940000	91.150000	151
92.080000	92.090000	152
92.210000	92.320000	153
92.470000	92.990000	154
93.830000	94.620000	155
95.700000	95.720000	156
95.880000	96.660000	157
97.350000	98.000000	158
98.210000	98.220000	159
98.400000	98.770000	160
99.210000	99.220000	161
99.480000	99.730000	162
99.970000	101.170000	163
101.890000	101.940000	164
102.060000	103.490000	165
104.210000	104.420000	166
104.680000	104.820000	167
105.030000	105.980000	168
106.120000	106.220000	169
106.460000	106.770000	170
106.920000	107.000000	171
107.800000	108.080000	172
108.210000	108.720000	173
108.900000	109.000000	174
109.590000	110.370000	175
110.530000	110.560000	176
110.710000	110.860000	177
111.040000	111.170000	178
111.340000	111.460000	179
113.040000	113.750000	180
113.870000	114.330000	181
114.540000	114.610000	182
115.130000	115.260000	183
115.520000	115.770000	184
116.020000	116.460000	185
116.940000	117.160000	186
117.580000	118.720000	187
118.920000	119.140000	188
119.730000	120.130000	189
120.240000	120.860000	190
121.970000	122.280000	191
122.480000	122.490000	192
122.950000	123.340000	193
124.220000	124.270000	194
124.390000	124.410000	195
124.590000	124.770000	196
124.890000	125.200000	197
125.370000	125.390000	198
125.500000	125.530000	199
125.690000	125.770000	200
126.780000	126.870000	201
127.030000	127.140000	202
127.300000	127.510000	203
128.160000	128.220000	204
128.380000	128.450000	205
129.090000	129.600000	206
129.760000	129.920000	207
131.280000	131.970000	208
133.110000	133.750000	209
134.830000	135.830000	210
136.460000	136.790000	211
136.950000	137.220000	212
138.060000	138.240000	213
138.390000	138.750000	214
138.860000	139.490000	215
139.630000	139.730000	216
139.880000	139.920000	217
140.080000	140.510000	218
140.640000	140.820000	219
141.290000	141.650000	220
141.780000	142.070000	221
142.260000	142.420000	222
142.550000	142.660000	223
143.490000	143.610000	224
143.730000	144.080000	225
144.620000	144.720000	226
144.860000	145.000000	227
145.120000	145.190000	228
145.490000	145.670000	229
146.210000	147.340000	230
148.090000	148.440000	231
148.660000	148.850000	232
149.840000	149.930000	233
150.060000	150.220000	234
150.550000	150.800000	235
150.950000	151.590000	236
151.710000	151.860000	237
151.980000	152.260000	238
152.480000	152.720000	239
154.110000	154.470000	240
155.760000	156.050000	241
157.480000	157.500000	242
157.620000	157.890000	243
158.060000	158.220000	244
158.420000	158.590000	245
158.710000	158.810000	246
158.950000	159.080000	247
159.200000	159.430000	248
159.970000	160.380000	249
160.590000	160.910000	250
161.110000	161.320000	251
161.450000	162.190000	252
163.380000	163.730000	253
165.080000	165.380000	254
166.780000	167.110000	255
167.440000	167.520000	256
167.710000	167.810000	257
168.020000	168.360000	258
168.510000	168.600000	259
169.290000	169.950000	260
170.100000	170.240000	261
171.510000	171.740000	262
171.890000	172.060000	263
172.350000	172.360000	264
173.890000	174.030000	265
174.260000	174.530000	266
176.080000	176.400000	267
177.740000	177.940000	268
178.100000	178.630000	269
178.870000	179.420000	270
179.540000	180.050000	271
181.150000	181.310000	272
183.320000	183.520000	273
183.660000	183.720000	274
183.920000	184.050000	275
184.180000	184.260000	276
184.500000	184.870000	277
185.010000	185.130000	278
185.300000	185.720000	279
186.160000	186.330000	280
186.440000	186.930000	281
188.280000	188.700000	282
188.860000	189.100000	283
189.210000	189.980000	284
190.470000	191.410000	285
192.110000	192.130000	286
192.310000	192.410000	287
192.520000	192.730000	288
193.050000	193.370000	289
193.560000	193.790000	290
195.630000	195.910000	291
196.070000	196.260000	292
197.180000	197.620000	293
198.700000	198.810000	294
198.980000	199.080000	295
200.100000	200.200000	296
200.340000	200.550000	297
201.000000	201.060000	298
201.550000	201.640000	299
201.790000	201.920000	300
202.990000	203.120000	301
204.350000	204.470000	302
204.590000	204.710000	303
204.850000	205.030000	304
205.230000	205.360000	305
206.080000	206.580000	306
206.710000	206.860000	307
207.790000	207.890000	308
208.730000	208.820000	309
209.670000	209.790000	310
209.960000	210.600000	311
210.710000	210.900000	312
211.040000	211.140000	313
211.460000	211.540000	314
211.670000	211.990000	315
212.130000	212.540000	316
212.690000	212.960000	317
213.080000	213.400000	318
213.520000	213.810000	319
213.960000	214.070000	320
215.380000	215.460000	321
215.600000	215.790000	322
216.770000	217.190000	323
218.320000	218.930000	324
219.200000	219.350000	325
219.530000	219.600000	326
219.730000	219.950000	327
220.080000	220.370000	328
220.740000	220.750000	329
221.450000	221.820000	330
223.150000	224.450000	331
224.650000	224.760000	332
226.190000	226.320000	333
226.480000	226.530000	334
226.670000	226.750000	335
226.990000	227.110000	336
227.830000	228.310000	337
228.980000	229.050000	338
229.280000	229.680000	339
230.420000	230.690000	340
230.820000	231.230000	341
231.450000	231.960000	342
232.100000	232.310000	343
232.480000	232.540000	344
233.230000	233.930000	345
234.700000	235.070000	346
235.240000	235.690000	347
235.860000	236.130000	348
237.140000	237.470000	349
238.450000	239.360000	350
239.540000	239.600000	351
239.720000	240.070000	352
240.260000	240.770000	353
241.420000	241.600000	354
241.720000	242.190000	355
242.410000	242.420000	356
242.640000	243.020000	357
243.610000	244.050000	358
244.240000	244.290000	359
244.600000	244.630000	360
245.200000	245.840000	361
248.780000	249.640000	362
250.250000	250.490000	363
250.990000	251.320000	364
251.490000	251.680000	365
251.920000	252.440000	366
252.780000	253.420000	367
253.970000	254.860000	368
255.550000	256.470000	369
257.380000	258.160000	370
258.270000	258.560000	371
259.290000	260.160000	372
260.390000	260.810000	373
261.440000	261.700000	374
263.120000	263.180000	375
263.340000	263.400000	376
263.690000	263.730000	377
263.850000	264.150000	378
264.270000	264.340000	379
264.480000	265.080000	380
265.230000	265.840000	381
266.590000	267.930000	382
268.050000	268.210000	383
268.890000	269.010000	384
270.710000	270.990000	385
271.670000	272.050000	386
272.180000	272.390000	387
272.870000	273.280000	388
273.960000	274.260000	389
275.240000	275.660000	390
276.520000	277.850000	391
278.060000	278.070000	392
278.820000	278.840000	393
278.990000	279.630000	394
279.740000	279.990000	395
280.100000	280.360000	396
281.950000	282.040000	397
282.190000	282.340000	398
282.530000	282.660000	399
283.430000	283.560000	400
283.670000	283.880000	401
284.000000	284.250000	402
284.380000	284.510000	403
285.240000	285.270000	404
285.390000	285.880000	405
286.000000	286.020000	406
287.160000	287.950000	407
288.180000	288.420000	408
288.560000	288.670000	409
288.800000	288.820000	410
288.960000	289.210000	411
289.800000	290.950000	412
291.130000	291.140000	413
291.470000	292.060000	414
292.350000	293.000000	415
293.760000	294.020000	416
294.160000	294.220000	417
294.610000	294.640000	418
294.750000	295.510000	419
295.720000	295.950000	420
296.170000	296.440000	421
297.200000	297.530000	422
298.550000	298.950000	423
299.740000	300.590000	424
301.570000	301.670000	425
301.790000	302.020000	426
302.170000	302.230000	427
302.470000	302.650000	428
304.630000	304.930000	429
305.140000	305.410000	430
306.360000	306.500000	431
306.690000	306.780000	432
306.970000	307.070000	433
311.240000	311.450000	434
311.610000	311.930000	435
312.370000	312.560000	436
312.770000	313.030000	437
313.330000	313.460000	438
313.620000	313.630000	439
314.330000	314.360000	440
314.470000	315.530000	441
315.720000	315.800000	442
315.910000	316.250000	443
317.690000	317.850000	444
318.050000	318.300000	445
319.150000	319.460000	446
319.570000	319.730000	447
319.870000	319.910000	448
320.030000	320.150000	449
320.910000	321.450000	450
321.590000	321.700000	451
321.830000	322.740000	452
322.920000	323.180000	453
323.970000	324.020000	454
324.210000	324.700000	455
325.240000	326.070000	456
326.650000	327.300000	457
327.450000	327.570000	458
327.690000	327.810000	459
327.940000	328.110000	460
328.410000	328.750000	461
328.930000	329.640000	462
329.750000	330.080000	463
330.740000	331.350000	464
332.310000	333.410000	465
333.610000	333.780000	466
334.350000	334.530000	467
334.670000	334.850000	468
335.600000	335.940000	469
336.890000	337.190000	470
338.220000	338.720000	471
339.980000	340.320000	472
340.920000	341.050000	473
342.560000	342.670000	474
343.650000	343.760000	475
343.890000	344.040000	476
344.770000	344.950000	477
345.200000	345.350000	478
345.480000	345.670000	479
346.150000	347.100000	480
347.730000	348.050000	481
348.590000	348.670000	482
348.800000	349.020000	483
349.590000	349.910000	484
350.090000	350.190000	485
350.350000	350.710000	486
350.840000	351.280000	487
351.420000	351.630000	488
352.450000	352.680000	489
353.060000	353.070000	490
353.990000	354.000000	491
354.160000	354.170000	492
354.360000	354.500000	493
354.700000	354.880000	494
355.220000	355.530000	495
355.690000	356.120000	496
356.300000	356.410000	497
356.810000	356.820000	498
357.250000	357.580000	499
358.210000	358.220000	500
358.680000	359.180000	501
359.620000	359.630000	502
360.050000	361.080000	503
361.210000	361.380000	504
361.490000	361.500000	505
361.640000	361.780000	506
361.900000	362.780000	507
363.460000	363.610000	508
364.070000	364.080000	509
364.310000	364.320000	510
364.700000	365.850000	511
366.060000	366.070000	512
366.480000	366.700000	513
366.870000	367.560000	514
367.690000	368.160000	515
369.180000	369.470000	516
369.730000	369.940000	517
370.130000	370.270000	518
371.060000	371.430000	519
371.990000	372.050000	520
372.320000	372.620000	521
372.740000	373.150000	522
373.680000	375.260000	523
376.020000	376.030000	524
377.370000	377.800000	525
379.100000	379.500000	526
379.620000	379.780000	527
381.090000	381.900000	528
382.710000	384.400000	529
384.530000	384.670000	530
385.180000	385.190000	531
385.380000	385.940000	532
386.910000	387.870000	533
388.540000	388.550000	534
388.680000	389.070000	535
389.210000	389.420000	536
390.330000	390.800000	537
391.020000	391.030000	538
391.270000	391.280000	539
391.830000	392.110000	540
392.230000	392.520000	541
392.680000	392.690000	542
393.680000	394.550000	543
395.380000	395.430000	544
395.600000	395.870000	545
396.900000	397.220000	546
398.180000	398.620000	547
398.990000	399.000000	548
399.820000	400.360000	549
403.130000	403.350000	550
403.470000	403.670000	551
403.840000	403.930000	552
404.670000	404.950000	553
405.210000	405.640000	554
406.300000	406.320000	555
406.440000	406.710000	556
406.880000	407.040000	557
407.880000	408.440000	558
409.290000	409.870000	559
410.070000	410.250000	560
410.410000	410.610000	561
411.350000	411.630000	562
412.460000	412.840000	563
413.780000	414.070000	564
414.200000	414.670000	565
415.180000	415.430000	566
415.540000	415.730000	567
415.900000	416.410000	568
416.730000	417.460000	569
417.590000	418.250000	570
418.400000	418.560000	571
418.680000	418.940000	572
419.280000	419.570000	573
420.270000	420.390000	574
421.240000	421.370000	575
421.510000	421.540000	576
421.670000	422.950000	577
423.740000	424.210000	578
424.630000	424.810000	579
424.930000	425.710000	580
425.890000	426.030000	581
426.160000	426.320000	582
427.030000	427.400000	583
427.550000	427.560000	584
427.810000	427.880000	585
428.050000	428.060000	586
428.280000	428.320000	587
428.970000	429.020000	588
429.240000	429.610000	589
429.810000	430.680000	590
431.380000	432.190000	591
432.850000	433.040000	592
433.260000	433.270000	593
434.020000	434.450000	594
434.560000	435.140000	595
435.710000	435.760000	596
437.410000	437.950000	597
438.130000	438.380000	598
438.790000	438.890000	599
439.260000	439.460000	600
439.610000	440.440000	601
440.590000	440.680000	602
441.860000	442.240000	603
442.440000	442.560000	604
442.670000	442.970000	605
443.900000	444.500000	606
444.820000	444.830000	607
445.190000	445.900000	608
446.030000	446.350000	609
446.730000	447.920000	610
448.210000	448.220000	611
448.680000	448.770000	612
448.890000	449.430000	613
449.620000	449.630000	614
450.040000	450.240000	615
450.560000	450.570000	616
450.740000	451.120000	617
451.340000	451.870000	618
452.000000	452.090000	619
452.780000	453.040000	620
453.610000	454.790000	621
454.970000	455.250000	622
455.710000	455.720000	623
455.830000	455.840000	624
456.220000	456.540000	625
456.770000	456.780000	626
457.490000	458.520000	627
458.950000	458.970000	628
459.440000	459.500000	629
459.930000	459.950000	630
460.110000	460.300000	631
460.430000	461.150000	632
461.920000	462.160000	633
462.280000	462.450000	634
463.470000	463.570000	635
463.700000	463.840000	636
464.060000	464.180000	637
465.220000	465.330000	638
465.460000	465.580000	639
467.060000	467.520000	640
468.820000	468.890000	641
469.970000	470.020000	642
470.140000	470.250000	643
470.360000	470.440000	644
470.560000	470.700000	645
471.330000	471.860000	646
472.130000	472.180000	647
472.350000	473.280000	648
473.690000	474.380000	649
475.220000	475.540000	650
475.650000	476.360000	651
477.880000	478.100000	652
478.960000	479.320000	653
480.100000	480.440000	654
481.280000	481.880000	655
481.990000	482.300000	656
482.510000	483.090000	657
484.360000	484.370000	658
485.040000	485.050000	659
485.290000	485.300000	660
486.850000	486.990000	661
487.160000	487.280000	662
487.470000	487.590000	663
487.790000	487.830000	664
488.150000	488.930000	665
489.450000	490.360000	666
490.510000	490.620000	667
490.790000	490.910000	668
491.020000	491.090000	669
491.230000	491.320000	670
491.440000	491.590000	671
491.710000	491.970000	672
492.600000	492.700000	673
492.930000	493.230000	674
493.340000	493.680000	675
493.890000	494.190000	676
494.380000	494.610000	677
495.170000	495.750000	678
496.760000	497.180000	679
497.320000	498.040000	680
499.120000	499.810000	681
499.930000	500.160000	682
500.280000	500.400000	683
500.520000	500.540000	684
501.270000	502.040000	685
503.200000	503.580000	686
503.730000	503.910000	687
505.220000	505.730000	688
505.870000	506.430000	689
506.540000	506.620000	690
506.730000	507.520000	691
508.410000	508.930000	692
509.160000	509.320000	693
509.680000	509.780000	694
510.020000	510.320000	695
511.000000	511.780000	696
511.910000	512.090000	697
512.920000	513.350000	698
513.540000	513.620000	699
513.740000	513.960000	700
514.130000	514.140000	701
514.760000	515.800000	702
516.730000	516.790000	703
517.600000	518.470000	704
518.850000	519.060000	705
519.930000	520.400000	706
523.570000	523.710000	707
523.850000	524.210000	708
525.110000	525.840000	709
525.990000	526.340000	710
526.450000	527.260000	711
528.260000	528.850000	712
529.950000	530.590000	713
531.370000	531.410000	714
531.520000	531.540000	715
531.770000	532.250000	716
532.450000	532.520000	717
532.640000	532.940000	718
533.620000	534.070000	719
534.880000	534.900000	720
535.070000	535.090000	721
535.250000	535.430000	722
535.610000	535.700000	723
535.830000	536.010000	724
536.190000	536.220000	725
536.440000	536.540000	726
536.690000	536.930000	727
537.940000	538.310000	728
539.200000	539.800000	729
539.980000	540.590000	730
541.680000	541.740000	731
542.550000	542.700000	732
542.810000	542.880000	733
543.060000	543.170000	734
544.140000	544.250000	735
545.260000	545.400000	736
545.990000	546.150000	737
546.320000	546.470000	738
547.550000	548.230000	739
549.760000	550.280000	740
551.340000	551.840000	741
552.020000	552.030000	742
552.920000	553.330000	743
553.440000	553.750000	744
554.140000	554.490000	745
554.640000	554.970000	746
555.640000	556.200000	747
556.940000	557.000000	748
557.850000	557.970000	749
558.770000	558.830000	750
558.970000	559.160000	751
559.270000	559.500000	752
560.350000	560.920000	753
561.850000	562.030000	754
562.300000	562.410000	755
562.650000	562.730000	756
562.860000	563.070000	757
563.760000	563.920000	758
564.040000	564.650000	759
567.410000	567.730000	760
567.910000	568.280000	761
568.450000	568.590000	762
568.760000	568.820000	763
568.930000	569.100000	764
569.310000	569.520000	765
569.700000	569.790000	766
570.730000	570.850000	767
571.670000	571.840000	768
571.980000	572.120000	769
572.270000	572.440000	770
573.590000	573.660000	771
574.360000	574.620000	772
575.760000	576.170000	773
577.200000	578.000000	774
579.490000	579.700000	775
579.850000	580.170000	776
581.280000	582.020000	777
582.740000	583.430000	778
584.120000	584.780000	779
585.390000	585.600000	780
586.260000	587.040000	781
587.770000	588.600000	782
588.740000	589.100000	783
589.640000	591.140000	784
592.240000	592.540000	785
593.190000	593.970000	786
594.120000	594.340000	787
594.730000	594.790000	788
595.060000	595.200000	789
596.070000	596.250000	790
596.370000	596.610000	791
596.810000	597.060000	792
597.760000	598.090000	793
598.720000	599.520000	794
600.720000	603.470000	795
604.130000	604.150000	796
604.360000	604.430000	797
604.620000	604.970000	798
605.740000	605.780000	799
605.900000	605.910000	800
606.040000	606.220000	801
606.390000	607.470000	802
608.400000	608.490000	803
608.760000	608.870000	804
609.130000	609.470000	805
609.590000	609.600000	806
610.830000	610.880000	807
611.760000	612.100000	808
612.240000	612.430000	809
613.450000	613.930000	810
615.120000	615.790000	811
616.950000	617.980000	812
618.710000	618.930000	813
619.040000	619.770000	814
621.290000	621.680000	815
621.790000	621.890000	816
622.090000	622.560000	817
624.340000	624.380000	818
626.380000	626.580000	819
627.390000	627.650000	820
628.280000	628.520000	821
629.100000	629.180000	822
629.320000	629.330000	823
629.860000	630.150000	824
630.730000	630.860000	825
630.970000	631.260000	826
631.780000	632.640000	827
633.200000	633.720000	828
634.400000	634.480000	829
635.010000	635.500000	830
635.700000	635.710000	831
636.960000	637.170000	832
638.740000	639.000000	833
640.430000	640.750000	834
642.180000	642.220000	835
642.550000	642.680000	836
644.580000	644.600000	837
646.090000	646.390000	838
646.530000	646.840000	839
646.970000	647.090000	840
647.200000	647.520000	841
648.430000	648.690000	842
648.840000	649.090000	843
649.860000	650.110000	844
650.230000	650.500000	845
651.170000	651.410000	846
651.600000	651.860000	847
652.490000	652.610000	848
652.730000	653.190000	849
654.850000	655.000000	850
655.160000	655.260000	851
655.450000	655.540000	852
655.660000	655.760000	853
656.310000	657.080000	854
657.250000	657.430000	855
658.480000	658.750000	856
659.540000	659.850000	857
660.660000	661.060000	858
661.190000	661.290000	859
661.570000	662.190000	860
662.330000	662.410000	861
662.630000	662.680000	862
662.820000	662.990000	863
663.510000	663.780000	864
663.920000	664.660000	865
664.830000	664.990000	866
665.410000	665.450000	867
665.730000	666.370000	868
666.540000	666.690000	869
667.170000	667.200000	870
667.340000	667.600000	871
668.240000	668.980000	872
669.170000	669.620000	873
669.770000	670.250000	874
670.420000	670.580000	875
671.010000	671.170000	876
671.360000	671.570000	877
671.740000	672.250000	878
672.970000	674.360000	879
674.480000	674.880000	880
675.570000	675.600000	881
675.750000	676.110000	882
676.280000	676.520000	883
677.430000	677.540000	884
677.780000	678.010000	885
679.050000	679.160000	886
679.300000	679.440000	887
679.910000	679.920000	888
680.530000	680.700000	889
680.860000	681.270000	890
684.790000	684.800000	891
687.720000	687.730000	892
687.960000	688.520000	893
689.390000	689.740000	894
690.600000	690.890000	895
691.830000	692.190000	896
692.300000	692.360000	897
692.600000	692.610000	898
693.350000	693.360000	899
693.490000	694.060000	900
694.340000	694.350000	901
695.000000	695.120000	902
695.520000	695.530000	903
695.920000	695.990000	904
696.760000	696.830000	905
697.570000	697.770000	906
698.010000	698.290000	907
698.450000	698.460000	908
699.430000	699.440000	909
699.740000	700.010000	910
700.160000	700.170000	911
701.450000	701.720000	912
701.940000	702.020000	913
702.440000	702.450000	914
702.880000	703.100000	915
703.220000	703.770000	916
703.950000	704.210000	917
704.320000	704.450000	918
704.580000	704.680000	919
705.080000	705.480000	920
705.740000	705.820000	921
706.010000	706.350000	922
706.520000	706.650000	923
707.130000	707.470000	924
707.630000	707.760000	925
707.920000	708.000000	926
708.200000	708.450000	927
708.570000	708.640000	928
708.760000	708.900000	929
709.070000	709.430000	930
709.550000	709.740000	931
710.180000	710.330000	932
710.460000	710.720000	933
711.190000	711.230000	934
711.440000	711.820000	935
711.960000	712.220000	936
712.680000	712.750000	937
714.210000	714.470000	938
714.650000	714.840000	939
715.130000	715.450000	940
715.660000	716.180000	941
716.500000	716.720000	942
716.990000	717.660000	943
717.890000	717.920000	944
718.140000	718.210000	945
719.060000	719.370000	946
719.580000	719.680000	947
720.780000	721.280000	948
722.440000	722.530000	949
722.660000	722.870000	950
723.680000	724.720000	951
724.840000	724.960000	952
725.130000	725.400000	953
725.510000	725.710000	954
725.820000	726.010000	955
726.380000	726.490000	956
726.690000	726.820000	957
727.200000	727.590000	958
727.700000	727.880000	959
728.000000	728.140000	960
728.290000	728.440000	961
728.860000	729.090000	962
729.210000	729.220000	963
729.330000	729.530000	964
729.750000	729.760000	965
729.890000	730.020000	966
730.770000	731.210000	967
733.790000	733.890000	968
734.020000	734.070000	969
735.230000	735.460000	970
735.720000	735.790000	971
735.930000	736.420000	972
736.600000	736.670000	973
737.370000	737.380000	974
737.810000	738.270000	975
738.990000	739.750000	976
740.500000	740.950000	977
741.260000	741.710000	978
742.220000	743.320000	979
744.010000	744.230000	980
745.270000	745.550000	981
746.450000	747.240000	982
748.120000	748.330000	983
749.490000	749.630000	984
750.570000	750.720000	985
751.210000	751.590000	986
751.870000	752.050000	987
752.870000	753.130000	988
753.290000	753.450000	989
753.620000	753.980000	990
754.400000	754.560000	991
755.420000	755.570000	992
756.130000	757.540000	993
759.360000	759.700000	994
761.740000	761.820000	995
762.310000	763.000000	996
763.160000	763.430000	997
763.620000	763.820000	998
765.780000	766.060000	999
766.280000	767.350000	1000
770.850000	771.080000	1001
771.190000	771.250000	1002
771.400000	771.580000	1003
772.850000	772.920000	1004
775.600000	775.640000	1005
776.190000	776.200000	1006
776.310000	776.550000	1007
776.690000	776.810000	1008
776.950000	777.090000	1009
777.810000	777.850000	1010
778.780000	779.200000	1011
779.340000	779.470000	1012
780.370000	780.380000	1013
780.540000	780.730000	1014
780.910000	781.430000	1015
783.020000	783.230000	1016
784.190000	784.230000	1017
784.760000	785.020000	1018
785.190000	785.200000	1019
786.570000	786.970000	1020
787.190000	787.200000	1021
788.190000	788.200000	1022
788.840000	789.450000	1023
790.200000	790.210000	1024
791.020000	791.080000	1025
791.210000	791.490000	1026
791.600000	791.950000	1027
792.130000	792.290000	1028
792.450000	792.660000	1029
792.810000	792.880000	1030
793.190000	793.200000	1031
793.560000	793.750000	1032
793.870000	794.350000	1033
797.120000	797.130000	1034
799.860000	800.490000	1035
801.150000	801.380000	1036
801.530000	801.990000	1037
802.190000	802.200000	1038
802.760000	802.830000	1039
802.950000	803.130000	1040
803.270000	803.420000	1041
804.150000	804.230000	1042
804.340000	804.620000	1043
805.550000	806.050000	1044
806.190000	806.200000	1045
806.620000	807.400000	1046
807.530000	807.690000	1047
807.830000	807.970000	1048
808.590000	809.130000	1049
809.620000	809.800000	1050
809.910000	810.510000	1051
812.550000	812.760000	1052
812.950000	812.960000	1053
813.200000	813.210000	1054
813.380000	813.420000	1055
813.530000	813.560000	1056
815.620000	816.020000	1057
816.150000	816.800000	1058
816.940000	816.970000	1059
817.130000	817.970000	1060
818.190000	818.200000	1061
818.620000	818.650000	1062
818.760000	819.200000	1063
819.770000	819.850000	1064
819.990000	820.560000	1065
820.690000	820.860000	1066
821.020000	821.230000	1067
821.570000	822.320000	1068
822.460000	822.620000	1069
822.810000	822.950000	1070
823.480000	824.290000	1071
824.890000	825.200000	1072
825.440000	826.000000	1073
826.160000	826.560000	1074
827.130000	827.340000	1075
827.520000	827.640000	1076
827.830000	827.930000	1077
828.190000	828.200000	1078
828.580000	828.810000	1079
829.080000	829.640000	1080
830.140000	830.250000	1081
830.910000	831.000000	1082
831.140000	832.000000	1083
832.150000	832.540000	1084
832.690000	832.830000	1085
833.080000	833.580000	1086
833.710000	833.860000	1087
834.190000	834.200000	1088
834.410000	834.960000	1089
835.100000	835.220000	1090
835.350000	835.490000	1091
835.950000	836.000000	1092
836.110000	836.550000	1093
836.730000	836.990000	1094
837.650000	837.960000	1095
838.340000	838.450000	1096
838.570000	838.830000	1097
839.200000	839.210000	1098
839.370000	839.880000	1099
840.130000	840.840000	1100
841.190000	841.470000	1101
841.640000	841.840000	1102
841.960000	842.140000	1103
842.760000	842.930000	1104
843.070000	843.280000	1105
843.740000	844.200000	1106
844.720000	845.270000	1107
846.040000	846.720000	1108
846.870000	846.990000	1109
847.100000	847.310000	1110
847.420000	847.790000	1111
847.900000	847.960000	1112
848.170000	848.470000	1113
849.130000	849.410000	1114
849.610000	849.660000	1115
850.090000	850.490000	1116
850.750000	851.070000	1117
851.720000	851.960000	1118
852.110000	852.210000	1119
852.460000	852.800000	1120
853.170000	853.370000	1121
853.540000	853.640000	1122
855.030000	855.470000	1123
856.200000	856.550000	1124
856.670000	856.710000	1125
857.270000	857.760000	1126
858.390000	858.400000	1127
859.200000	859.290000	1128
860.060000	860.170000	1129
860.980000	861.030000	1130
862.220000	862.450000	1131
862.640000	862.670000	1132
863.230000	863.470000	1133
863.620000	863.670000	1134
864.120000	864.220000	1135
864.380000	864.730000	1136
865.080000	865.160000	1137
865.430000	865.490000	1138
865.660000	865.960000	1139
866.110000	866.210000	1140
866.950000	867.040000	1141
867.550000	867.650000	1142
867.880000	868.270000	1143
868.630000	868.830000	1144
868.970000	869.090000	1145
869.820000	870.020000	1146
870.170000	870.780000	1147
870.940000	871.050000	1148
871.520000	872.060000	1149
872.170000	872.290000	1150
872.750000	872.980000	1151
874.190000	874.350000	1152
874.560000	874.700000	1153
875.320000	875.950000	1154
876.680000	877.260000	1155
878.000000	878.160000	1156
878.270000	878.370000	1157
878.500000	878.720000	1158
878.850000	879.320000	1159
880.290000	880.350000	1160
880.570000	880.780000	1161
880.920000	881.350000	1162
882.070000	882.200000	1163
882.410000	882.630000	1164
882.860000	882.970000	1165
883.120000	883.180000	1166
883.580000	883.870000	1167
884.010000	884.310000	1168
884.470000	884.680000	1169
885.290000	885.550000	1170
886.580000	886.890000	1171
887.780000	888.460000	1172
888.790000	888.850000	1173
889.210000	889.400000	1174
889.670000	889.680000	1175
891.790000	892.350000	1176
892.490000	892.500000	1177
893.370000	894.090000	1178
894.240000	894.370000	1179
895.450000	896.130000	1180
897.060000	897.270000	1181
897.650000	897.660000	1182
898.110000	898.120000	1183
899.050000	899.060000	1184
899.990000	900.000000	1185
900.670000	900.940000	1186
902.130000	902.190000	1187
902.320000	902.460000	1188
903.420000	903.990000	1189
904.200000	904.380000	1190
905.410000	905.680000	1191
906.780000	906.990000	1192
907.190000	907.360000	1193
908.150000	908.270000	1194
908.390000	908.880000	1195
909.150000	909.240000	1196
909.650000	909.960000	1197
910.850000	910.910000	1198
911.730000	911.790000	1199
911.990000	912.000000	1200
912.570000	912.660000	1201
913.400000	913.510000	1202
914.250000	914.380000	1203
914.830000	914.840000	1204
915.160000	915.190000	1205
916.260000	916.450000	1206
917.080000	917.420000	1207
918.400000	918.490000	1208
918.610000	918.640000	1209
918.750000	918.890000	1210
919.120000	919.230000	1211
919.840000	920.280000	1212
920.450000	920.600000	1213
921.330000	922.060000	1214
922.760000	922.970000	1215
923.610000	923.750000	1216
924.430000	924.450000	1217
924.590000	924.690000	1218
924.940000	925.330000	1219
926.450000	926.710000	1220
927.350000	927.510000	1221
927.640000	927.730000	1222
927.850000	927.930000	1223
928.320000	929.140000	1224
929.650000	930.160000	1225
930.710000	930.960000	1226
931.070000	931.220000	1227
931.900000	932.720000	1228
933.490000	933.870000	1229
934.010000	934.120000	1230
934.810000	935.420000	1231
936.080000	936.140000	1232
936.280000	936.900000	1233
937.650000	937.800000	1234
937.930000	938.020000	1235
938.250000	938.900000	1236
939.060000	939.070000	1237
939.250000	939.310000	1238
940.260000	940.320000	1239
941.060000	941.190000	1240
941.780000	942.110000	1241
942.710000	942.790000	1242
942.930000	943.090000	1243
943.670000	943.730000	1244
943.880000	944.000000	1245
944.500000	944.600000	1246
945.310000	945.490000	1247
946.610000	946.900000	1248
948.730000	949.030000	1249
950.390000	950.630000	1250
952.010000	952.020000	1251
952.550000	952.560000	1252
953.700000	953.760000	1253
953.880000	954.000000	1254
955.300000	955.360000	1255
955.470000	955.690000	1256
955.870000	955.930000	1257
958.900000	959.210000	1258
959.400000	959.500000	1259
961.500000	962.600000	1260
962.710000	962.820000	1261
963.660000	964.180000	1262
964.300000	964.400000	1263
964.510000	964.580000	1264
964.750000	964.800000	1265
964.980000	965.120000	1266
965.270000	965.660000	1267
966.030000	966.100000	1268
966.340000	966.370000	1269
967.510000	968.050000	1270
968.230000	968.430000	1271
969.180000	969.410000	1272
970.100000	970.250000	1273
970.380000	970.710000	1274
971.630000	971.730000	1275
972.390000	972.430000	1276
972.540000	972.650000	1277
972.760000	972.770000	1278
972.890000	973.040000	1279
973.300000	973.360000	1280
974.980000	974.990000	1281
975.110000	975.230000	1282
975.510000	975.610000	1283
976.760000	976.820000	1284
977.650000	978.000000	1285
979.600000	980.000000	1286
980.920000	980.980000	1287
983.300000	983.540000	1288
983.780000	983.790000	1289
984.530000	985.300000	1290
985.490000	985.780000	1291
986.270000	986.770000	1292
987.580000	987.810000	1293
987.930000	988.080000	1294
988.220000	988.430000	1295
988.570000	988.640000	1296
988.750000	988.760000	1297
989.600000	989.750000	1298
990.360000	990.530000	1299
990.730000	990.740000	1300
991.510000	992.140000	1301
992.590000	992.600000	1302
992.960000	994.010000	1303
994.710000	994.980000	1304
995.100000	995.230000	1305
996.550000	996.730000	1306
996.850000	997.080000	1307
997.430000	997.440000	1308
997.670000	997.680000	1309
998.660000	998.670000	1310
998.910000	998.920000	1311
999.460000	999.700000	1312
999.920000	1000.130000	1313
1000.400000	1000.660000	1314
1000.810000	1000.960000	1315
1001.200000	1001.410000	1316
1001.530000	1001.650000	1317
1001.890000	1001.900000	1318
1002.630000	1002.640000	1319
1003.100000	1003.180000	1320
1003.380000	1003.810000	1321
1004.030000	1004.270000	1322
1004.620000	1004.630000	1323
1005.260000	1005.490000	1324
1005.610000	1005.620000	1325
1006.610000	1006.940000	1326
1007.590000	1007.600000	1327
1007.930000	1008.610000	1328
1009.450000	1009.590000	1329
1009.740000	1009.950000	1330
1010.130000	1010.390000	1331
1010.570000	1010.580000	1332
1010.850000	1010.870000	1333
1011.330000	1011.340000	1334
1011.560000	1011.570000	1335
1011.820000	1011.840000	1336
1012.110000	1012.150000	1337
1012.370000	1012.430000	1338
1012.840000	1012.850000	1339
1013.260000	1013.570000	1340
1013.840000	1013.860000	1341
1014.320000	1014.330000	1342
1014.500000	1015.480000	1343
1016.400000	1017.080000	1344
1017.190000	1017.450000	1345
1018.350000	1018.890000	1346
1019.000000	1019.170000	1347
1019.490000	1019.500000	1348
1020.050000	1020.810000	1349
1021.630000	1022.210000	1350
1022.420000	1022.660000	1351
1023.270000	1023.680000	1352
1023.840000	1024.090000	1353
1024.210000	1024.290000	1354
1025.170000	1025.280000	1355
1025.400000	1025.700000	1356
1026.430000	1026.440000	1357
1026.720000	1027.070000	1358
1028.150000	1028.460000	1359
1029.320000	1029.440000	1360
1029.600000	1029.840000	1361
1030.400000	1030.410000	1362
1030.650000	1030.660000	1363
1030.950000	1031.230000	1364
1031.390000	1031.400000	1365
1032.140000	1032.460000	1366
1032.660000	1033.640000	1367
1033.770000	1033.860000	1368
1034.000000	1034.030000	1369
1034.150000	1034.240000	1370
1034.370000	1034.440000	1371
1034.550000	1034.810000	1372
1035.360000	1035.370000	1373
1035.530000	1035.540000	1374
1035.680000	1036.880000	1375
1037.340000	1037.350000	1376
1038.260000	1038.950000	1377
1039.330000	1039.360000	1378
1039.830000	1039.840000	1379
1039.980000	1040.030000	1380
1040.300000	1040.960000	1381
1041.310000	1041.320000	1382
1041.680000	1041.690000	1383
1041.840000	1041.920000	1384
1042.040000	1042.140000	1385
1042.270000	1042.430000	1386
1042.540000	1042.760000	1387
1043.290000	1043.300000	1388
1043.580000	1043.980000	1389
1044.170000	1044.220000	1390
1045.160000	1045.360000	1391
1045.490000	1045.740000	1392
1045.870000	1045.920000	1393
1046.110000	1046.280000	1394
1046.520000	1046.530000	1395
1047.130000	1047.680000	1396
1047.960000	1048.150000	1397
1048.860000	1048.910000	1398
1049.040000	1049.660000	1399
1049.810000	1050.540000	1400
1051.230000	1051.670000	1401
1051.850000	1052.480000	1402
1053.010000	1054.260000	1403
1055.010000	1055.040000	1404
1055.210000	1055.240000	1405
1055.380000	1055.510000	1406
1055.660000	1055.860000	1407
1056.390000	1056.460000	1408
1056.620000	1057.110000	1409
1057.320000	1057.410000	1410
1057.550000	1057.560000	1411
1057.880000	1058.040000	1412
1058.180000	1058.850000	1413
1059.160000	1059.170000	1414
1059.530000	1059.610000	1415
1060.250000	1060.750000	1416
1061.650000	1062.030000	1417
1062.890000	1063.770000	1418
1064.320000	1065.370000	1419
1065.700000	1066.190000	1420
1066.350000	1066.500000	1421
1066.640000	1066.770000	1422
1066.950000	1067.140000	1423
1067.470000	1067.480000	1424
1067.840000	1068.360000	1425
1068.960000	1069.900000	1426
1070.550000	1071.370000	1427
1071.840000	1072.600000	1428
1072.950000	1073.500000	1429
1073.720000	1074.330000	1430
1074.640000	1074.650000	1431
1075.350000	1075.830000	1432
1076.720000	1076.870000	1433
1077.090000	1077.290000	1434
1077.480000	1077.520000	1435
1077.770000	1077.900000	1436
1080.100000	1080.410000	1437
1080.530000	1080.610000	1438
1080.720000	1081.260000	1439
1081.970000	1081.980000	1440
1082.210000	1083.380000	1441
1083.710000	1083.720000	1442
1084.040000	1084.170000	1443
1084.320000	1085.350000	1444
1085.520000	1085.780000	1445
1085.940000	1085.950000	1446
1086.420000	1087.220000	1447
1087.690000	1088.620000	1448
1088.750000	1089.470000	1449
1089.580000	1089.880000	1450
1090.250000	1090.420000	1451
1090.580000	1090.750000	1452
1090.900000	1091.900000	1453
1092.050000	1092.150000	1454
1092.340000	1092.430000	1455
1092.590000	1092.710000	1456
1092.880000	1092.890000	1457
1093.060000	1093.440000	1458
1093.650000	1093.920000	1459
1094.070000	1094.220000	1460
1094.370000	1094.490000	1461
1094.840000	1096.260000	1462
1096.390000	1096.400000	1463
1096.780000	1097.010000	1464
1097.820000	1098.110000	1465
1098.590000	1098.860000	1466
1099.210000	1099.650000	1467
1099.770000	1100.160000	1468
1100.280000	1100.400000	1469
1100.580000	1100.590000	1470
1101.030000	1101.320000	1471
1101.430000	1101.590000	1472
1101.930000	1102.070000	1473
1102.320000	1102.330000	1474
1102.720000	1103.330000	1475
1103.450000	1103.550000	1476
1103.860000	1104.050000	1477
1104.540000	1105.070000	1478
1105.690000	1105.830000	1479
1106.400000	1106.650000	1480
1107.010000	1107.020000	1481
1107.160000	1107.580000	1482
1107.880000	1108.490000	1483
1108.620000	1109.080000	1484
1109.400000	1109.750000	1485
1110.120000	1110.560000	1486
1110.890000	1111.460000	1487
1111.760000	1111.860000	1488
1112.430000	1112.760000	1489
1112.900000	1112.910000	1490
1113.420000	1113.670000	1491
1113.890000	1113.950000	1492
1114.120000	1114.130000	1493
1114.390000	1114.600000	1494
1114.960000	1115.060000	1495
1115.210000	1115.500000	1496
1115.860000	1116.030000	1497
1116.280000	1116.460000	1498
1117.100000	1117.210000	1499
1117.380000	1118.200000	1500
1118.660000	1119.340000	1501
1119.480000	1119.560000	1502
1119.670000	1119.700000	1503
1119.970000	1120.420000	1504
1120.830000	1121.230000	1505
1121.670000	1121.730000	1506
1121.850000	1121.930000	1507
1122.040000	1122.760000	1508
1123.230000	1123.470000	1509
1123.600000	1123.740000	1510
1123.960000	1124.020000	1511
1124.560000	1124.740000	1512
1124.850000	1125.420000	1513
1125.610000	1125.620000	1514
1125.830000	1126.330000	1515
1126.730000	1127.030000	1516
1127.650000	1128.280000	1517
1128.670000	1129.480000	1518
1129.880000	1130.610000	1519
1131.140000	1131.830000	1520
1131.970000	1132.070000	1521
1132.190000	1132.270000	1522
1132.760000	1132.990000	1523
1133.110000	1133.130000	1524
1133.540000	1134.080000	1525
1134.550000	1135.050000	1526
1135.320000	1135.480000	1527
1135.830000	1135.920000	1528
1136.240000	1137.390000	1529
1138.070000	1138.080000	1530
1138.260000	1138.270000	1531
1138.390000	1138.650000	1532
1139.070000	1139.080000	1533
1139.620000	1139.960000	1534
1140.130000	1140.170000	1535
1140.410000	1140.450000	1536
1140.580000	1140.630000	1537
1140.920000	1141.140000	1538
1141.260000	1141.330000	1539
1142.010000	1142.020000	1540
1142.280000	1142.540000	1541
1142.670000	1142.960000	1542
1143.580000	1144.260000	1543
1144.420000	1144.430000	1544
1145.050000	1145.160000	1545
1145.280000	1145.510000	1546
1145.660000	1145.670000	1547
1146.180000	1146.550000	1548
1147.520000	1147.930000	1549
1148.580000	1148.590000	1550
1149.500000	1149.560000	1551
1149.680000	1149.780000	1552
1150.920000	1150.930000	1553
1151.310000	1151.400000	1554
1151.640000	1151.900000	1555
1152.320000	1152.340000	1556
1153.030000	1153.040000	1557
1153.240000	1153.600000	1558
1153.730000	1153.880000	1559
1154.020000	1154.210000	1560
1154.670000	1154.680000	1561
1154.800000	1155.340000	1562
1155.480000	1156.090000	1563
1156.540000	1156.550000	1564
1156.770000	1157.560000	1565
1157.720000	1157.730000	1566
1157.950000	1157.960000	1567
1158.180000	1158.190000	1568
1158.420000	1158.910000	1569
1159.120000	1159.400000	1570
1159.590000	1159.600000	1571
1159.820000	1159.830000	1572
1160.060000	1160.560000	1573
1160.770000	1160.780000	1574
1161.000000	1161.280000	1575
1161.470000	1161.590000	1576
1163.000000	1163.100000	1577
1163.760000	1163.890000	1578
1164.020000	1164.390000	1579
1164.820000	1164.870000	1580
1164.980000	1164.990000	1581
1165.120000	1165.710000	1582
1165.910000	1165.920000	1583
1166.700000	1167.090000	1584
1167.230000	1167.340000	1585
1168.150000	1168.300000	1586
1168.420000	1168.520000	1587
1168.680000	1168.900000	1588
1169.200000	1169.210000	1589
1169.660000	1169.670000	1590
1170.410000	1170.650000	1591
1171.070000	1171.080000	1592
1171.410000	1171.550000	1593
1171.680000	1172.030000	1594
1172.610000	1173.070000	1595
1173.880000	1174.360000	1596
1174.540000	1175.250000	1597
1175.830000	1176.580000	1598
1176.730000	1176.990000	1599
1177.170000	1177.180000	1600
1177.630000	1177.640000	1601
1177.910000	1178.160000	1602
1178.570000	1178.580000	1603
1178.910000	1179.670000	1604
1179.960000	1180.140000	1605
1180.310000	1180.460000	1606
1180.910000	1180.920000	1607
1181.160000	1181.790000	1608
1182.440000	1182.820000	1609
1183.270000	1183.750000	1610
1184.070000	1184.240000	1611
1185.530000	1185.700000	1612
1185.920000	1185.930000	1613
1186.310000	1186.320000	1614
1186.450000	1187.170000	1615
1187.740000	1188.310000	1616
1188.880000	1189.530000	1617
1189.680000	1190.070000	1618
1190.630000	1190.700000	1619
1190.890000	1191.280000	1620
1191.420000	1191.500000	1621
1192.030000	1192.790000	1622
1192.930000	1192.940000	1623
1193.680000	1194.190000	1624
1195.580000	1196.070000	1625
1196.970000	1197.340000	1626
1197.970000	1198.370000	1627
1199.100000	1199.550000	1628
1201.940000	1202.280000	1629
1203.320000	1203.720000	1630
1203.840000	1203.910000	1631
1204.830000	1205.090000	1632
1205.240000	1205.310000	1633
1205.460000	1205.610000	1634
1205.750000	1205.860000	1635
1205.970000	1206.040000	1636
1210.480000	1210.650000	1637
1211.140000	1211.190000	1638
1212.290000	1212.320000	1639
1212.870000	1213.520000	1640
1214.380000	1215.410000	1641
1215.520000	1215.530000	1642
1216.010000	1216.570000	1643
1217.280000	1217.490000	1644
1217.600000	1217.700000	1645
1217.820000	1218.020000	1646
1218.150000	1218.640000	1647
1219.160000	1219.600000	1648
1220.260000	1220.560000	1649
1221.510000	1221.600000	1650
1222.010000	1222.030000	1651
1222.350000	1222.370000	1652
1222.510000	1222.550000	1653
1222.670000	1222.750000	1654
1222.970000	1223.100000	1655
1225.180000	1225.550000	1656
1226.150000	1226.610000	1657
1226.850000	1226.860000	1658
1227.090000	1227.100000	1659
1227.300000	1227.340000	1660
1227.490000	1227.800000	1661
1229.210000	1229.220000	1662
1229.330000	1229.340000	1663
1230.130000	1230.140000	1664
1230.370000	1230.470000	1665
1230.660000	1231.290000	1666
1232.010000	1232.090000	1667
1232.730000	1233.040000	1668
1233.710000	1233.720000	1669
1233.880000	1234.160000	1670
1235.490000	1235.500000	1671
1235.670000	1235.810000	1672
1236.620000	1236.820000	1673
1236.940000	1236.960000	1674
1237.440000	1237.510000	1675
1237.810000	1237.890000	1676
1238.100000	1238.110000	1677
1238.570000	1238.600000	1678
1239.530000	1239.650000	1679
1239.760000	1239.830000	1680
1240.100000	1240.210000	1681
1240.840000	1240.970000	1682
1241.380000	1241.390000	1683
1241.730000	1241.800000	1684
1242.520000	1243.000000	1685
1243.180000	1243.260000	1686
1243.720000	1244.110000	1687
1245.020000	1245.170000	1688
1245.330000	1245.410000	1689
1245.600000	1245.610000	1690
1246.240000	1246.600000	1691
1247.010000	1247.020000	1692
1247.480000	1247.490000	1693
1247.950000	1248.420000	1694
1248.880000	1248.890000	1695
1249.080000	1249.210000	1696
1249.340000	1249.830000	1697
1249.950000	1250.140000	1698
1250.350000	1250.410000	1699
1250.940000	1251.170000	1700
1251.320000	1251.470000	1701
1251.700000	1251.790000	1702
1252.000000	1252.030000	1703
1252.160000	1252.170000	1704
1252.630000	1253.320000	1705
1253.570000	1253.580000	1706
1253.850000	1254.210000	1707
1254.340000	1254.520000	1708
1254.860000	1254.870000	1709
1255.230000	1256.130000	1710
1256.260000	1256.270000	1711
1256.700000	1257.050000	1712
1257.270000	1257.460000	1713
1257.670000	1258.500000	1714
1258.630000	1259.140000	1715
1259.920000	1259.980000	1716
1260.120000	1260.220000	1717
1264.630000	1264.700000	1718
1268.630000	1268.640000	1719
1268.970000	1269.050000	1720
1270.970000	1270.980000	1721
1271.440000	1271.450000	1722
1271.910000	1271.920000	1723
1272.380000	1272.390000	1724
1274.490000	1274.570000	1725
1274.720000	1274.770000	1726
1274.940000	1275.000000	1727
1275.190000	1275.200000	1728
1275.420000	1275.430000	1729
1276.180000	1276.390000	1730
1276.610000	1276.620000	1731
1277.630000	1277.860000	1732
1279.010000	1279.560000	1733
1279.720000	1279.780000	1734
1280.740000	1280.910000	1735
1281.080000	1281.270000	1736
1281.390000	1281.770000	1737
1282.680000	1282.850000	1738
1282.980000	1283.290000	1739
1284.140000	1284.410000	1740
1284.630000	1285.090000	1741
1285.250000	1285.420000	1742
1286.400000	1286.510000	1743
1286.680000	1287.230000	1744
1287.370000	1287.490000	1745
1288.090000	1288.160000	1746
1288.450000	1288.710000	1747
1289.610000	1289.700000	1748
1289.810000	1290.300000	1749
1291.000000	1291.090000	1750
1291.300000	1291.320000	1751
1291.500000	1291.600000	1752
1291.750000	1291.870000	1753
1293.470000	1293.620000	1754
1295.610000	1295.970000	1755
1296.130000	1296.150000	1756
1296.430000	1296.600000	1757
1296.780000	1297.120000	1758
1297.920000	1298.030000	1759
1298.150000	1298.350000	1760
1299.440000	1299.730000	1761
1300.740000	1301.020000	1762
1305.520000	1305.670000	1763
1305.800000	1305.990000	1764
1306.120000	1306.130000	1765
1307.110000	1307.220000	1766
1307.370000	1307.660000	1767
1307.990000	1308.290000	1768
1309.170000	1310.190000	1769
1310.330000	1310.510000	1770
1310.630000	1310.950000	1771
1311.170000	1311.530000	1772
1311.940000	1312.040000	1773
1312.160000	1312.570000	1774
1312.770000	1313.150000	1775
1314.150000	1314.540000	1776
1314.700000	1314.750000	1777
1314.940000	1315.080000	1778
1315.930000	1316.890000	1779
1317.660000	1318.040000	1780
1318.620000	1318.930000	1781
1319.150000	1319.290000	1782
1319.520000	1319.800000	1783
1320.510000	1320.900000	1784
1321.920000	1322.050000	1785
1322.190000	1322.300000	1786
1322.430000	1322.440000	1787
1323.830000	1323.960000	1788
1325.550000	1325.600000	1789
1327.020000	1327.280000	1790
1327.770000	1327.990000	1791
1328.220000	1328.320000	1792
1329.060000	1329.120000	1793
1330.470000	1331.290000	1794
1332.150000	1332.430000	1795
1332.590000	1332.750000	1796
1334.330000	1334.480000	1797
1335.350000	1335.950000	1798
1337.540000	1337.650000	1799
1337.790000	1337.900000	1800
1338.050000	1338.760000	1801
1338.870000	1339.390000	1802
1339.880000	1340.030000	1803
1340.310000	1340.830000	1804
1341.010000	1341.270000	1805
1342.020000	1342.290000	1806
1342.950000	1343.650000	1807
1344.210000	1344.260000	1808
1344.630000	1344.690000	1809
1344.850000	1345.160000	1810
1345.300000	1345.390000	1811
1346.330000	1346.430000	1812
1346.600000	1347.020000	1813
1348.110000	1348.250000	1814
1348.600000	1348.660000	1815
1349.410000	1349.550000	1816
1349.700000	1349.850000	1817
1350.010000	1350.040000	1818
1350.690000	1350.700000	1819
1351.500000	1351.560000	1820
1352.200000	1352.430000	1821
1352.590000	1352.670000	1822
1352.940000	1353.610000	1823
1354.260000	1354.640000	1824
1354.780000	1354.890000	1825
1355.050000	1355.080000	1826
1355.220000	1355.460000	1827
1356.260000	1356.610000	1828
1356.730000	1356.910000	1829
1357.100000	1357.110000	1830
1357.620000	1357.640000	1831
1357.800000	1358.040000	1832
1358.510000	1358.810000	1833
1358.950000	1359.850000	1834
1360.480000	1361.210000	1835
1361.360000	1361.560000	1836
1361.730000	1362.120000	1837
1362.800000	1362.840000	1838
1362.960000	1363.600000	1839
1364.110000	1364.260000	1840
1364.500000	1364.600000	1841
1365.030000	1365.060000	1842
1365.180000	1365.450000	1843
1366.240000	1366.940000	1844
1367.050000	1367.180000	1845
1367.290000	1367.470000	1846
1368.110000	1368.940000	1847
1369.610000	1369.800000	1848
1370.480000	1370.840000	1849
1370.990000	1371.010000	1850
1371.610000	1371.660000	1851
1371.770000	1372.700000	1852
1372.840000	1373.030000	1853
1373.960000	1374.220000	1854
1374.680000	1375.190000	1855
1375.910000	1376.850000	1856
1377.720000	1378.360000	1857
1379.310000	1379.560000	1858
1380.180000	1380.560000	1859
1381.690000	1381.720000	1860
1381.870000	1382.030000	1861
1382.160000	1382.260000	1862
1382.430000	1382.440000	1863
1382.660000	1382.720000	1864
1382.850000	1383.530000	1865
1384.450000	1384.500000	1866
1384.690000	1385.520000	1867
1386.310000	1386.660000	1868
1386.800000	1386.910000	1869
1387.020000	1387.030000	1870
1387.220000	1387.460000	1871
1388.360000	1388.560000	1872
1388.670000	1388.850000	1873
1388.970000	1389.180000	1874
1389.330000	1389.450000	1875
1390.290000	1391.280000	1876
1392.480000	1392.680000	1877
1392.800000	1393.040000	1878
1393.150000	1393.550000	1879
1394.350000	1394.850000	1880
1395.010000	1395.120000	1881
1395.450000	1395.580000	1882
1395.750000	1395.980000	1883
1397.210000	1397.320000	1884
1397.500000	1397.730000	1885
1397.890000	1397.940000	1886
1398.080000	1398.110000	1887
1398.230000	1398.340000	1888
1398.460000	1398.560000	1889
1398.750000	1398.980000	1890
1400.290000	1401.020000	1891
1401.730000	1401.870000	1892
1401.990000	1402.550000	1893
1403.290000	1403.450000	1894
1403.610000	1403.750000	1895
1404.630000	1404.810000	1896
1405.500000	1405.620000	1897
1405.780000	1406.060000	1898
1406.660000	1406.800000	1899
1407.760000	1408.070000	1900
1408.220000	1408.250000	1901
1409.060000	1409.110000	1902
1409.700000	1409.930000	1903
1410.810000	1410.950000	1904
1411.220000	1411.530000	1905
1411.640000	1411.810000	1906
1411.950000	1412.300000	1907
1412.690000	1413.110000	1908
1413.220000	1413.360000	1909
1413.590000	1413.850000	1910
1414.360000	1414.610000	1911
1414.750000	1414.810000	1912
1415.200000	1415.400000	1913
1415.990000	1416.220000	1914
1416.960000	1417.290000	1915
1417.930000	1418.110000	1916
1418.900000	1419.260000	1917
1420.730000	1420.920000	1918
1421.040000	1421.350000	1919
1421.710000	1421.880000	1920
1422.010000	1422.520000	1921
1422.850000	1423.050000	1922
1423.170000	1423.480000	1923
1423.590000	1423.830000	1924
1424.410000	1425.300000	1925
1425.430000	1425.650000	1926
1426.080000	1426.540000	1927
1427.100000	1427.520000	1928
1427.870000	1428.130000	1929
1428.780000	1429.530000	1930
1430.100000	1430.560000	1931
1431.180000	1431.590000	1932
1432.220000	1432.480000	1933
1433.470000	1433.950000	1934
1434.150000	1434.280000	1935
1434.840000	1434.990000	1936
1435.710000	1435.930000	1937
1436.600000	1436.710000	1938
1436.920000	1436.930000	1939
1437.150000	1437.380000	1940
1438.220000	1438.460000	1941
1439.400000	1439.910000	1942
1440.800000	1440.920000	1943
1441.110000	1441.610000	1944
1441.730000	1442.020000	1945
1443.220000	1443.320000	1946
1444.100000	1444.840000	1947
1444.970000	1445.200000	1948
1445.820000	1445.920000	1949
1446.650000	1446.870000	1950
1447.540000	1447.700000	1951
1448.220000	1448.770000	1952
1448.900000	1449.380000	1953
1449.500000	1449.780000	1954
1450.450000	1450.500000	1955
1452.380000	1452.490000	1956
1452.720000	1453.520000	1957
1453.630000	1453.810000	1958
1454.360000	1455.430000	1959
1455.580000	1455.620000	1960
1456.270000	1456.350000	1961
1456.480000	1456.770000	1962
1456.930000	1457.390000	1963
1457.530000	1458.240000	1964
1458.730000	1459.170000	1965
1459.940000	1460.360000	1966
1461.390000	1461.960000	1967
1462.910000	1463.210000	1968
1464.480000	1464.490000	1969
1465.520000	1465.530000	1970
1465.730000	1466.000000	1971
1466.120000	1466.540000	1972
1466.680000	1466.850000	1973
1467.660000	1468.260000	1974
1470.820000	1470.830000	1975
1472.360000	1473.570000	1976
1474.090000	1475.020000	1977
1475.500000	1475.940000	1978
1476.740000	1477.340000	1979
1477.470000	1477.590000	1980
1477.750000	1477.840000	1981
1478.020000	1478.350000	1982
1478.590000	1478.830000	1983
1479.080000	1480.360000	1984
1481.270000	1481.540000	1985
1482.530000	1482.880000	1986
1483.560000	1483.790000	1987
1484.430000	1485.110000	1988
1485.690000	1485.850000	1989
1485.960000	1486.030000	1990
1486.170000	1486.580000	1991
1486.740000	1487.000000	1992
1487.600000	1488.010000	1993
1488.180000	1488.530000	1994
1489.140000	1489.380000	1995
1489.560000	1489.760000	1996
1489.900000	1490.040000	1997
1490.530000	1490.750000	1998
1490.940000	1491.520000	1999
1491.640000	1491.710000	2000
1492.360000	1492.720000	2001
1494.380000	1494.690000	2002
1494.820000	1494.830000	2003
1496.700000	1496.770000	2004
1497.790000	1497.920000	2005
1499.320000	1499.400000	2006
1499.520000	1499.720000	2007
1500.500000	1500.820000	2008
1501.940000	1502.310000	2009
1503.540000	1503.980000	2010
1504.390000	1504.920000	2011
1505.040000	1505.370000	2012
1506.430000	1506.560000	2013
1507.300000	1507.470000	2014
1508.220000	1508.260000	2015
1509.080000	1509.240000	2016
1510.030000	1510.410000	2017
1510.740000	1510.750000	2018
1511.130000	1511.580000	2019
1512.210000	1512.620000	2020
1513.360000	1513.790000	2021
1513.960000	1514.340000	2022
1514.890000	1514.960000	2023
1515.110000	1515.490000	2024
1516.180000	1516.320000	2025
1516.450000	1516.880000	2026
1517.430000	1517.480000	2027
1518.180000	1518.690000	2028
1519.460000	1519.530000	2029
1520.130000	1520.280000	2030
1520.390000	1521.220000	2031
1521.370000	1521.560000	2032
1521.800000	1522.070000	2033
1522.870000	1523.280000	2034
1524.020000	1524.480000	2035
1524.810000	1525.310000	2036
1525.430000	1525.840000	2037
1526.080000	1526.090000	2038
1526.360000	1526.600000	2039
1526.760000	1526.770000	2040
1527.220000	1528.360000	2041
1528.480000	1529.750000	2042
1529.980000	1530.520000	2043
1530.630000	1530.800000	2044
1531.160000	1531.280000	2045
1531.700000	1532.430000	2046
1532.630000	1533.550000	2047
1533.810000	1534.790000	2048
1535.050000	1535.270000	2049
1535.390000	1535.470000	2050
1535.840000	1536.370000	2051
1536.520000	1536.760000	2052
1537.060000	1537.710000	2053
1538.150000	1538.440000	2054
1538.580000	1538.860000	2055
1539.420000	1539.710000	2056
1540.210000	1540.370000	2057
1540.520000	1540.830000	2058
1540.990000	1541.200000	2059
1541.820000	1542.160000	2060
1542.270000	1542.290000	2061
1542.850000	1543.460000	2062
1543.860000	1544.320000	2063
1544.660000	1544.980000	2064
1545.390000	1545.660000	2065
1545.770000	1545.840000	2066
1546.150000	1547.140000	2067
1547.940000	1548.410000	2068
1548.920000	1548.930000	2069
1549.380000	1549.430000	2070
1549.870000	1550.830000	2071
1551.110000	1551.500000	2072
1552.200000	1552.400000	2073
1553.140000	1553.230000	2074
1554.490000	1555.430000	2075
1555.980000	1556.510000	2076
1558.150000	1558.170000	2077
1558.920000	1559.130000	2078
1559.840000	1560.090000	2079
1561.120000	1561.390000	2080
1562.350000	1562.520000	2081
1562.630000	1562.910000	2082
1563.440000	1563.610000	2083
1563.740000	1564.220000	2084
1564.360000	1564.500000	2085
1564.720000	1564.870000	2086
1565.080000	1565.460000	2087
1565.880000	1566.460000	2088
1566.590000	1566.840000	2089
1567.420000	1568.530000	2090
1568.660000	1568.990000	2091
1569.210000	1569.230000	2092
1569.380000	1569.580000	2093
1570.310000	1570.410000	2094
1570.530000	1570.620000	2095
1570.800000	1570.930000	2096
1571.060000	1571.180000	2097
1571.890000	1572.050000	2098
1572.190000	1572.350000	2099
1572.660000	1572.760000	2100
1572.920000	1573.180000	2101
1573.330000	1573.360000	2102
1574.230000	1574.710000	2103
1574.850000	1574.950000	2104
1575.100000	1575.210000	2105
1575.330000	1575.720000	2106
1577.470000	1577.620000	2107
1577.760000	1577.970000	2108
1578.160000	1578.300000	2109
1578.510000	1578.840000	2110
1581.420000	1581.620000	2111
1582.380000	1582.750000	2112
1582.930000	1583.110000	2113
1584.530000	1584.540000	2114
1584.720000	1584.770000	2115
1584.920000	1584.970000	2116
1585.160000	1585.290000	2117
1586.430000	1586.580000	2118
1586.700000	1586.800000	2119
1586.990000	1587.250000	2120
1588.190000	1589.090000	2121
1589.230000	1589.560000	2122
1590.100000	1590.410000	2123
1590.690000	1590.780000	2124
1591.170000	1591.210000	2125
1591.680000	1591.750000	2126
1592.470000	1592.790000	2127
1593.020000	1593.390000	2128
1593.570000	1593.880000	2129
1594.300000	1594.490000	2130
1594.640000	1594.790000	2131
1594.910000	1595.070000	2132
1595.260000	1595.470000	2133
1596.290000	1596.470000	2134
1596.650000	1597.730000	2135
1597.900000	1598.010000	2136
1598.840000	1599.220000	2137
1599.390000	1599.470000	2138
1599.800000	1599.950000	2139
1601.160000	1601.390000	2140
1601.500000	1601.580000	2141
1601.690000	1601.860000	2142
1603.690000	1603.820000	2143
1604.050000	1604.360000	2144
1604.590000	1604.660000	2145
1604.980000	1605.220000	2146
1605.410000	1605.570000	2147
1605.700000	1605.800000	2148
1605.990000	1606.310000	2149
1607.160000	1607.230000	2150
1607.390000	1607.500000	2151
1607.670000	1607.850000	2152
1609.070000	1609.110000	2153
1609.770000	1609.930000	2154
1610.120000	1610.210000	2155
1610.400000	1610.610000	2156
1611.430000	1611.680000	2157
1611.890000	1612.020000	2158
1612.710000	1612.760000	2159
1613.050000	1613.210000	2160
1614.060000	1614.120000	2161
1614.360000	1614.460000	2162
1626.500000	1626.530000	2163
1636.840000	1637.290000	2164
1637.640000	1637.980000	2165
1638.100000	1638.140000	2166
1638.320000	1638.370000	2167
1638.560000	1638.750000	2168
1638.940000	1638.970000	2169
1639.560000	1639.570000	2170
1640.680000	1640.710000	2171
1640.850000	1641.000000	2172
1641.210000	1641.340000	2173
1641.730000	1641.990000	2174
1642.230000	1642.300000	2175
1642.570000	1642.740000	2176
1642.910000	1643.030000	2177
1644.950000	1644.960000	2178
1645.130000	1645.530000	2179
1645.750000	1645.790000	2180
1646.200000	1646.240000	2181
1646.400000	1646.890000	2182
1647.530000	1647.760000	2183
1648.020000	1648.540000	2184
1649.080000	1649.260000	2185
1649.920000	1650.150000	2186
1650.930000	1650.970000	2187
1651.170000	1651.490000	2188
1651.600000	1652.210000	2189
1652.330000	1652.720000	2190
1652.950000	1653.090000	2191
1653.310000	1653.770000	2192
1653.930000	1654.060000	2193
1655.910000	1656.040000	2194
1656.280000	1656.450000	2195
1658.320000	1660.020000	2196
1660.220000	1660.340000	2197
1660.480000	1660.880000	2198
1661.410000	1661.920000	2199
1662.050000	1662.180000	2200
1662.450000	1662.720000	2201
1662.990000	1663.190000	2202
1663.340000	1663.420000	2203
1663.580000	1663.780000	2204
1664.210000	1664.700000	2205
1665.000000	1665.240000	2206
1665.360000	1665.610000	2207
1665.830000	1665.920000	2208
1666.110000	1666.150000	2209
1666.590000	1666.680000	2210
1666.850000	1667.660000	2211
1667.870000	1668.130000	2212
1668.450000	1668.540000	2213
1668.670000	1668.970000	2214
1669.080000	1669.260000	2215
1669.390000	1669.490000	2216
1669.880000	1670.060000	2217
1670.180000	1670.700000	2218
1670.850000	1671.300000	2219
1671.620000	1672.380000	2220
1672.510000	1672.770000	2221
1673.230000	1674.010000	2222
1674.160000	1674.180000	2223
1674.670000	1675.140000	2224
1675.310000	1675.690000	2225
1676.280000	1676.470000	2226
1676.770000	1676.990000	2227
1677.590000	1678.020000	2228
1678.160000	1678.290000	2229
1678.460000	1678.660000	2230
1678.790000	1678.980000	2231
1679.290000	1679.560000	2232
1679.670000	1680.430000	2233
1680.660000	1681.780000	2234
1682.180000	1682.350000	2235
1682.640000	1682.790000	2236
1683.420000	1683.840000	2237
1684.340000	1684.390000	2238
1684.550000	1684.720000	2239
1684.960000	1685.040000	2240
1685.450000	1685.520000	2241
1685.630000	1686.010000	2242
1686.960000	1686.990000	2243
1687.200000	1687.370000	2244
1687.560000	1688.030000	2245
1688.150000	1688.420000	2246
1688.570000	1688.650000	2247
1689.150000	1689.650000	2248
1689.950000	1690.230000	2249
1690.660000	1690.940000	2250
1691.100000	1691.180000	2251
1691.460000	1691.550000	2252
1691.750000	1691.840000	2253
1692.370000	1692.420000	2254
1692.570000	1692.930000	2255
1693.320000	1694.050000	2256
1694.210000	1694.360000	2257
1694.730000	1694.830000	2258
1695.190000	1695.520000	2259
1696.400000	1697.380000	2260
1697.490000	1697.730000	2261
1697.940000	1697.960000	2262
1698.110000	1698.160000	2263
1698.450000	1698.920000	2264
1699.030000	1699.480000	2265
1699.780000	1700.380000	2266
1700.670000	1701.220000	2267
1701.420000	1701.680000	2268
1702.270000	1702.310000	2269
1702.420000	1702.840000	2270
1703.080000	1703.210000	2271
1703.360000	1703.590000	2272
1704.010000	1704.060000	2273
1704.200000	1704.590000	2274
1705.300000	1705.430000	2275
1705.590000	1706.210000	2276
1706.360000	1706.460000	2277
1706.910000	1707.140000	2278
1707.430000	1707.570000	2279
1707.710000	1707.820000	2280
1708.350000	1708.580000	2281
1708.740000	1708.790000	2282
1708.970000	1709.070000	2283
1709.270000	1709.510000	2284
1709.670000	1709.820000	2285
1710.050000	1710.330000	2286
1710.790000	1710.850000	2287
1710.980000	1711.040000	2288
1711.290000	1711.530000	2289
1712.300000	1712.390000	2290
1712.570000	1712.680000	2291
1712.800000	1713.050000	2292
1714.450000	1714.730000	2293
1714.970000	1715.220000	2294
1715.360000	1715.900000	2295
1716.020000	1716.420000	2296
1717.030000	1717.160000	2297
1717.280000	1717.730000	2298
1717.980000	1718.160000	2299
1718.970000	1719.080000	2300
1719.910000	1720.100000	2301
1720.250000	1720.370000	2302
1720.490000	1720.750000	2303
1721.450000	1721.630000	2304
1721.960000	1722.190000	2305
1722.480000	1722.510000	2306
1723.480000	1723.850000	2307
1725.450000	1725.770000	2308
1725.930000	1726.160000	2309
1727.150000	1727.960000	2310
1728.120000	1728.250000	2311
1729.000000	1729.260000	2312
1729.370000	1729.910000	2313
1730.440000	1730.980000	2314
1731.140000	1731.410000	2315
1731.810000	1731.950000	2316
1732.090000	1732.190000	2317
1732.390000	1732.710000	2318
1733.550000	1734.220000	2319
1735.060000	1735.390000	2320
1736.280000	1736.300000	2321
1736.610000	1737.170000	2322
1737.280000	1737.670000	2323
1737.780000	1737.920000	2324
1738.160000	1738.280000	2325
1738.460000	1738.700000	2326
1738.830000	1739.070000	2327
1739.420000	1739.450000	2328
1739.650000	1740.380000	2329
1740.560000	1740.610000	2330
1740.950000	1741.060000	2331
1741.320000	1741.370000	2332
1741.740000	1741.750000	2333
1742.280000	1742.970000	2334
1743.700000	1743.760000	2335
1743.870000	1744.320000	2336
1744.770000	1745.130000	2337
1745.280000	1745.620000	2338
1745.730000	1745.810000	2339
1746.290000	1746.310000	2340
