START		STOP		LABEL
1.210000	2.080000	1
2.380000	2.420000	2
2.710000	3.330000	3
3.820000	4.130000	4
4.900000	4.950000	5
5.200000	5.410000	6
5.630000	6.040000	7
6.490000	8.020000	8
8.330000	8.540000	9
8.930000	9.130000	10
9.500000	10.210000	11
10.500000	10.700000	12
11.030000	11.210000	13
12.070000	12.390000	14
13.290000	13.610000	15
13.850000	14.040000	16
14.320000	14.360000	17
15.130000	15.340000	18
15.670000	20.220000	19
20.450000	20.700000	20
20.970000	21.440000	21
21.810000	22.040000	22
22.580000	24.020000	23
24.630000	25.450000	24
26.190000	26.350000	25
26.800000	27.000000	26
27.360000	28.410000	27
28.620000	28.830000	28
29.060000	32.630000	29
35.500000	36.100000	30
36.460000	37.310000	31
37.740000	38.520000	32
38.920000	39.190000	33
39.540000	39.580000	34
39.850000	41.280000	35
41.530000	42.100000	36
42.900000	45.230000	37
45.450000	46.180000	38
46.650000	47.120000	39
48.110000	48.450000	40
49.580000	51.190000	41
51.610000	51.710000	42
51.960000	52.380000	43
52.630000	53.840000	44
54.230000	54.310000	45
54.540000	55.370000	46
56.330000	56.390000	47
57.030000	58.040000	48
58.410000	60.300000	49
60.690000	60.700000	50
61.160000	61.210000	51
61.940000	61.970000	52
62.230000	62.240000	53
64.340000	64.970000	54
65.190000	65.530000	55
66.200000	66.240000	56
67.240000	67.660000	57
68.730000	68.850000	58
69.870000	70.090000	59
71.230000	72.160000	60
72.550000	72.740000	61
73.240000	73.270000	62
74.090000	74.130000	63
74.350000	74.750000	64
75.400000	77.040000	65
78.030000	78.410000	66
78.670000	78.900000	67
80.380000	80.420000	68
80.820000	81.400000	69
82.010000	82.790000	70
83.040000	83.050000	71
83.520000	83.810000	72
84.610000	84.980000	73
85.270000	85.390000	74
85.760000	85.770000	75
86.130000	86.450000	76
86.690000	88.320000	77
88.590000	88.600000	78
89.490000	89.970000	79
90.540000	90.670000	80
90.940000	91.150000	81
92.210000	92.990000	82
93.830000	94.620000	83
95.890000	95.930000	84
96.320000	96.660000	85
97.360000	97.970000	86
98.410000	98.760000	87
99.210000	99.220000	88
99.490000	99.730000	89
99.970000	101.170000	90
101.890000	101.930000	91
102.170000	103.070000	92
103.320000	103.490000	93
104.310000	104.420000	94
104.680000	104.820000	95
105.030000	105.980000	96
106.210000	106.220000	97
106.460000	106.970000	98
107.800000	108.990000	99
109.590000	111.460000	100
113.040000	113.750000	101
113.960000	114.070000	102
114.280000	114.330000	103
114.540000	114.600000	104
115.140000	115.250000	105
115.520000	115.750000	106
116.020000	116.460000	107
116.940000	117.160000	108
117.580000	118.710000	109
118.920000	119.140000	110
119.730000	120.860000	111
121.970000	122.270000	112
122.960000	123.320000	113
124.220000	124.230000	114
124.590000	125.200000	115
125.510000	125.770000	116
126.780000	127.510000	117
128.160000	128.440000	118
129.090000	129.920000	119
131.280000	131.970000	120
133.110000	133.750000	121
134.830000	135.830000	122
136.460000	137.180000	123
138.060000	140.820000	124
141.290000	142.660000	125
143.490000	144.020000	126
144.640000	145.180000	127
145.550000	145.660000	128
146.210000	147.330000	129
148.090000	148.430000	130
148.670000	148.850000	131
149.840000	150.220000	132
150.560000	152.260000	133
152.490000	152.700000	134
154.110000	154.460000	135
155.780000	156.050000	136
157.480000	159.410000	137
159.980000	160.380000	138
160.600000	160.900000	139
161.110000	161.670000	140
161.890000	162.180000	141
163.380000	163.640000	142
165.090000	165.300000	143
166.790000	167.020000	144
167.450000	167.810000	145
168.030000	168.590000	146
169.290000	170.240000	147
171.510000	172.060000	148
173.900000	174.030000	149
174.270000	174.530000	150
176.090000	176.310000	151
177.760000	178.630000	152
178.870000	180.050000	153
181.150000	181.310000	154
183.320000	184.260000	155
184.500000	185.710000	156
186.170000	186.910000	157
188.290000	189.980000	158
190.470000	191.400000	159
192.110000	192.730000	160
193.060000	193.790000	161
195.630000	196.260000	162
197.190000	197.620000	163
198.730000	199.070000	164
200.100000	200.550000	165
201.000000	201.040000	166
201.550000	201.920000	167
202.990000	203.090000	168
204.590000	205.030000	169
205.240000	205.360000	170
206.100000	206.860000	171
207.810000	207.880000	172
208.740000	208.820000	173
209.670000	211.140000	174
211.470000	214.060000	175
215.380000	215.770000	176
216.810000	217.170000	177
218.330000	218.930000	178
219.200000	220.360000	179
220.740000	220.750000	180
221.450000	221.810000	181
223.160000	224.450000	182
224.660000	224.760000	183
226.190000	226.750000	184
227.000000	227.100000	185
227.850000	228.290000	186
228.980000	229.050000	187
229.280000	229.670000	188
230.420000	231.230000	189
231.450000	232.540000	190
233.240000	233.920000	191
234.700000	236.130000	192
237.140000	237.450000	193
238.480000	240.060000	194
240.270000	240.760000	195
241.430000	242.180000	196
242.640000	242.990000	197
243.610000	244.250000	198
244.600000	244.630000	199
245.200000	245.840000	200
248.790000	249.640000	201
250.250000	250.490000	202
250.990000	251.670000	203
251.930000	252.430000	204
252.780000	253.420000	205
253.970000	254.850000	206
255.560000	256.470000	207
257.380000	258.550000	208
259.300000	260.150000	209
260.400000	260.810000	210
261.450000	261.690000	211
263.130000	263.380000	212
263.720000	265.830000	213
266.590000	268.200000	214
268.890000	269.010000	215
270.720000	270.990000	216
271.680000	272.300000	217
272.870000	273.280000	218
273.970000	274.250000	219
275.240000	275.660000	220
276.530000	277.830000	221
278.990000	280.360000	222
281.950000	282.280000	223
282.640000	282.650000	224
283.430000	284.510000	225
285.240000	285.880000	226
287.160000	287.950000	227
288.180000	289.200000	228
289.800000	290.940000	229
291.490000	291.950000	230
292.350000	293.000000	231
293.770000	294.220000	232
294.610000	295.510000	233
295.720000	295.950000	234
296.180000	296.440000	235
297.200000	297.530000	236
298.550000	298.940000	237
299.750000	300.590000	238
301.570000	302.220000	239
302.470000	302.650000	240
304.820000	304.900000	241
305.140000	305.410000	242
306.380000	307.070000	243
311.250000	311.930000	244
312.370000	312.540000	245
312.770000	313.030000	246
313.350000	313.460000	247
314.330000	315.510000	248
315.720000	316.190000	249
317.690000	318.290000	250
319.160000	320.140000	251
320.910000	323.150000	252
323.970000	324.010000	253
324.220000	324.700000	254
325.240000	325.990000	255
326.650000	328.110000	256
328.410000	329.510000	257
329.750000	330.080000	258
330.750000	331.350000	259
332.340000	333.780000	260
334.350000	334.840000	261
335.600000	335.890000	262
336.890000	337.180000	263
338.220000	338.700000	264
339.990000	340.310000	265
340.920000	341.050000	266
343.660000	344.040000	267
344.770000	344.950000	268
345.210000	345.660000	269
346.150000	347.090000	270
347.800000	348.050000	271
348.600000	349.020000	272
349.590000	351.610000	273
352.450000	352.680000	274
354.160000	354.870000	275
355.220000	356.400000	276
357.270000	357.550000	277
358.210000	358.220000	278
358.760000	359.180000	279
360.060000	362.740000	280
363.460000	363.530000	281
364.710000	365.840000	282
366.060000	366.070000	283
366.480000	368.160000	284
369.190000	369.470000	285
369.730000	370.260000	286
371.060000	371.410000	287
371.990000	372.050000	288
372.320000	373.150000	289
373.680000	375.260000	290
377.370000	377.790000	291
379.110000	379.780000	292
381.090000	381.880000	293
382.720000	384.660000	294
385.380000	385.940000	295
386.910000	387.870000	296
388.680000	389.420000	297
390.390000	390.800000	298
391.830000	392.520000	299
393.690000	394.550000	300
395.420000	395.860000	301
396.900000	397.200000	302
398.210000	398.600000	303
398.990000	399.000000	304
399.830000	400.300000	305
403.130000	403.930000	306
404.690000	404.950000	307
405.240000	405.640000	308
406.300000	407.040000	309
407.890000	408.440000	310
409.290000	409.860000	311
410.070000	410.600000	312
411.350000	411.630000	313
412.460000	412.840000	314
413.780000	414.660000	315
415.300000	416.400000	316
416.740000	418.910000	317
419.300000	419.570000	318
420.280000	420.390000	319
421.240000	422.940000	320
423.750000	424.210000	321
424.630000	426.310000	322
427.040000	427.340000	323
427.830000	427.840000	324
428.290000	428.320000	325
428.970000	428.990000	326
429.240000	429.600000	327
429.810000	430.680000	328
431.380000	432.170000	329
432.860000	433.040000	330
434.020000	435.130000	331
435.710000	435.760000	332
437.410000	438.340000	333
438.810000	438.880000	334
439.260000	440.680000	335
441.860000	442.970000	336
443.900000	444.500000	337
444.820000	444.830000	338
445.190000	446.290000	339
446.730000	447.910000	340
448.750000	449.630000	341
450.040000	450.240000	342
450.740000	451.090000	343
451.340000	452.090000	344
452.780000	453.030000	345
453.630000	455.210000	346
455.710000	455.720000	347
456.220000	456.490000	348
457.490000	458.520000	349
458.950000	458.970000	350
459.440000	459.460000	351
459.930000	461.090000	352
461.920000	462.160000	353
462.420000	462.430000	354
463.480000	463.830000	355
464.110000	464.160000	356
465.220000	465.580000	357
467.060000	467.510000	358
468.820000	468.890000	359
469.970000	470.630000	360
471.330000	471.860000	361
472.130000	473.280000	362
473.690000	474.380000	363
475.220000	476.360000	364
477.880000	478.080000	365
479.010000	479.310000	366
480.110000	480.440000	367
481.290000	482.300000	368
482.510000	483.070000	369
486.850000	487.590000	370
487.810000	487.830000	371
488.160000	488.930000	372
489.450000	491.970000	373
492.600000	492.700000	374
492.930000	493.230000	375
493.500000	493.680000	376
493.890000	494.610000	377
495.180000	495.640000	378
496.760000	498.040000	379
499.120000	499.140000	380
499.360000	500.540000	381
501.270000	502.040000	382
503.200000	503.900000	383
505.220000	507.520000	384
508.430000	508.880000	385
509.200000	509.320000	386
509.680000	509.780000	387
510.020000	510.320000	388
511.010000	512.090000	389
512.920000	513.950000	390
514.760000	515.800000	391
517.620000	518.460000	392
518.880000	519.050000	393
519.930000	520.400000	394
523.580000	524.200000	395
525.110000	527.260000	396
528.260000	528.850000	397
529.950000	530.580000	398
531.380000	531.530000	399
531.780000	532.230000	400
532.450000	532.940000	401
533.630000	534.070000	402
535.260000	535.700000	403
535.930000	536.220000	404
536.440000	536.920000	405
537.940000	538.300000	406
539.200000	540.410000	407
541.730000	541.740000	408
542.560000	543.160000	409
544.140000	544.250000	410
545.270000	545.400000	411
545.990000	546.470000	412
547.550000	548.230000	413
549.770000	550.270000	414
551.350000	551.840000	415
552.920000	553.750000	416
554.140000	554.970000	417
555.730000	556.160000	418
556.940000	557.000000	419
557.850000	557.950000	420
558.770000	559.500000	421
560.350000	560.910000	422
561.940000	561.970000	423
562.300000	562.410000	424
562.650000	563.050000	425
563.830000	564.640000	426
567.410000	569.100000	427
569.310000	569.780000	428
570.730000	570.850000	429
571.680000	572.440000	430
573.600000	573.660000	431
574.370000	574.620000	432
575.760000	576.170000	433
577.220000	578.000000	434
579.510000	580.170000	435
581.290000	582.010000	436
582.740000	583.430000	437
584.120000	584.690000	438
585.390000	585.590000	439
586.260000	587.030000	440
587.770000	589.100000	441
589.640000	591.140000	442
592.240000	592.540000	443
593.210000	594.340000	444
594.730000	594.790000	445
595.060000	595.190000	446
596.070000	596.610000	447
596.820000	597.060000	448
597.780000	598.090000	449
598.750000	599.520000	450
600.720000	603.470000	451
604.370000	604.970000	452
605.740000	605.780000	453
606.040000	607.470000	454
608.400000	608.490000	455
608.760000	608.870000	456
609.130000	609.460000	457
610.850000	610.860000	458
611.760000	612.420000	459
613.450000	613.930000	460
615.130000	615.780000	461
616.960000	617.970000	462
618.710000	619.770000	463
621.300000	622.560000	464
626.380000	626.580000	465
627.400000	627.640000	466
628.280000	628.520000	467
629.110000	629.330000	468
629.900000	630.150000	469
630.740000	631.250000	470
631.790000	632.560000	471
633.210000	633.710000	472
634.400000	634.450000	473
635.010000	635.500000	474
636.960000	637.150000	475
638.740000	639.000000	476
640.470000	640.730000	477
642.190000	642.220000	478
642.570000	642.680000	479
644.580000	644.590000	480
646.090000	647.510000	481
648.430000	649.080000	482
649.960000	650.500000	483
651.170000	651.860000	484
652.490000	653.190000	485
654.850000	655.760000	486
656.310000	657.400000	487
658.480000	658.750000	488
659.540000	659.850000	489
660.690000	661.290000	490
661.570000	662.410000	491
662.630000	662.960000	492
663.510000	664.990000	493
665.440000	665.450000	494
665.730000	666.690000	495
667.170000	667.600000	496
668.240000	668.960000	497
669.180000	670.210000	498
670.420000	670.570000	499
671.010000	672.240000	500
672.970000	674.880000	501
675.570000	676.510000	502
677.430000	677.540000	503
677.780000	677.970000	504
679.060000	679.440000	505
680.530000	681.250000	506
687.960000	688.520000	507
689.390000	689.740000	508
690.630000	690.890000	509
691.830000	692.360000	510
693.350000	694.060000	511
695.020000	695.120000	512
695.520000	695.530000	513
695.930000	695.970000	514
696.780000	696.820000	515
697.570000	697.770000	516
698.020000	698.460000	517
699.760000	700.170000	518
701.460000	701.710000	519
701.940000	702.020000	520
702.440000	702.450000	521
702.880000	703.760000	522
704.020000	704.670000	523
705.080000	705.480000	524
705.740000	706.640000	525
707.220000	708.860000	526
709.080000	709.710000	527
710.180000	710.720000	528
711.190000	711.230000	529
711.440000	712.220000	530
712.690000	712.750000	531
714.220000	714.720000	532
715.140000	715.450000	533
715.670000	716.180000	534
716.500000	716.720000	535
717.000000	717.650000	536
718.160000	718.210000	537
719.060000	719.360000	538
719.580000	719.670000	539
720.780000	721.280000	540
722.440000	722.870000	541
723.690000	726.010000	542
726.380000	726.490000	543
726.700000	726.820000	544
727.200000	728.430000	545
728.870000	729.090000	546
729.330000	729.510000	547
729.750000	730.020000	548
730.780000	731.180000	549
733.810000	734.070000	550
735.230000	735.430000	551
735.720000	736.670000	552
737.810000	738.230000	553
738.990000	739.730000	554
740.500000	740.940000	555
741.260000	741.710000	556
742.230000	743.320000	557
744.010000	744.230000	558
745.280000	745.520000	559
746.460000	747.240000	560
748.130000	748.320000	561
749.490000	749.620000	562
750.580000	750.700000	563
751.260000	751.590000	564
751.870000	752.050000	565
752.870000	753.970000	566
754.400000	754.540000	567
755.440000	755.540000	568
756.130000	757.540000	569
759.380000	759.670000	570
761.740000	761.820000	571
762.330000	763.000000	572
763.260000	763.410000	573
763.630000	763.820000	574
765.780000	766.060000	575
766.280000	767.350000	576
770.850000	771.580000	577
772.850000	772.910000	578
775.600000	775.630000	579
776.320000	777.040000	580
777.810000	777.840000	581
778.800000	779.460000	582
780.370000	781.430000	583
783.030000	783.200000	584
784.190000	784.230000	585
784.780000	785.200000	586
786.600000	786.970000	587
788.840000	789.450000	588
791.020000	792.650000	589
793.580000	794.330000	590
799.930000	800.490000	591
801.160000	801.990000	592
802.760000	803.420000	593
804.150000	804.610000	594
805.550000	806.050000	595
806.620000	807.970000	596
808.590000	809.130000	597
809.620000	810.510000	598
812.550000	812.760000	599
813.530000	813.550000	600
815.620000	817.970000	601
818.190000	818.200000	602
818.620000	819.200000	603
819.770000	821.220000	604
821.570000	822.950000	605
823.500000	824.270000	606
824.900000	825.180000	607
825.440000	826.560000	608
827.130000	827.930000	609
828.600000	828.810000	610
829.090000	829.640000	611
830.140000	830.250000	612
830.910000	832.820000	613
833.090000	833.850000	614
834.410000	835.490000	615
835.960000	836.980000	616
837.680000	837.940000	617
838.340000	838.820000	618
839.380000	839.880000	619
840.130000	840.840000	620
841.190000	842.140000	621
842.760000	843.270000	622
843.740000	844.130000	623
844.730000	845.250000	624
846.040000	847.960000	625
848.170000	848.350000	626
849.130000	849.660000	627
850.100000	850.480000	628
850.760000	851.070000	629
851.740000	852.210000	630
852.470000	852.800000	631
853.170000	853.640000	632
855.030000	855.470000	633
856.200000	856.550000	634
857.280000	857.760000	635
859.200000	859.280000	636
860.080000	860.160000	637
860.980000	860.990000	638
862.220000	862.670000	639
863.230000	863.470000	640
864.130000	864.730000	641
865.080000	865.150000	642
865.430000	866.200000	643
866.950000	867.020000	644
867.560000	867.650000	645
867.900000	868.200000	646
868.640000	869.080000	647
869.830000	871.050000	648
871.530000	872.280000	649
872.750000	872.980000	650
874.190000	874.350000	651
874.560000	874.700000	652
875.320000	875.950000	653
876.760000	877.260000	654
878.010000	879.320000	655
880.310000	880.350000	656
880.570000	880.710000	657
880.920000	881.310000	658
882.070000	882.190000	659
882.410000	882.630000	660
882.860000	883.170000	661
883.700000	884.670000	662
885.310000	885.540000	663
886.590000	886.890000	664
887.780000	888.450000	665
888.790000	888.810000	666
889.230000	889.400000	667
891.800000	892.300000	668
893.420000	894.370000	669
895.450000	896.110000	670
897.110000	897.270000	671
898.110000	898.120000	672
899.990000	900.000000	673
900.670000	900.940000	674
902.130000	902.460000	675
903.430000	903.970000	676
904.200000	904.380000	677
905.430000	905.680000	678
906.820000	907.360000	679
908.150000	908.830000	680
909.150000	909.200000	681
909.650000	909.960000	682
910.850000	910.900000	683
911.730000	911.790000	684
912.570000	912.650000	685
913.400000	913.510000	686
914.250000	914.380000	687
916.260000	916.360000	688
917.080000	917.410000	689
918.440000	918.880000	690
919.120000	919.230000	691
919.840000	920.600000	692
921.330000	922.030000	693
922.760000	922.940000	694
923.620000	923.750000	695
924.430000	924.680000	696
924.950000	925.270000	697
926.450000	926.710000	698
927.360000	927.910000	699
928.320000	929.140000	700
929.650000	930.160000	701
930.720000	931.180000	702
931.900000	932.680000	703
933.490000	934.120000	704
934.810000	935.410000	705
936.080000	936.810000	706
937.650000	938.010000	707
938.250000	938.900000	708
939.250000	939.310000	709
940.270000	940.320000	710
941.060000	941.100000	711
941.780000	942.110000	712
942.720000	942.790000	713
943.060000	943.080000	714
943.670000	944.000000	715
944.510000	944.600000	716
945.310000	945.490000	717
946.620000	946.890000	718
948.730000	949.020000	719
950.510000	950.620000	720
953.710000	953.990000	721
955.300000	955.920000	722
958.900000	959.140000	723
959.390000	959.500000	724
961.610000	962.820000	725
963.670000	964.990000	726
965.280000	965.650000	727
966.030000	966.100000	728
967.510000	968.000000	729
968.230000	968.420000	730
969.180000	969.400000	731
970.110000	970.710000	732
971.650000	971.690000	733
972.540000	973.040000	734
975.120000	975.220000	735
975.510000	975.600000	736
976.770000	976.820000	737
977.660000	978.000000	738
979.620000	980.000000	739
980.930000	980.980000	740
983.310000	983.500000	741
984.570000	985.590000	742
986.280000	986.770000	743
987.590000	988.760000	744
989.610000	989.750000	745
990.360000	990.520000	746
990.730000	990.740000	747
991.610000	992.120000	748
992.970000	994.010000	749
994.710000	995.220000	750
996.690000	997.070000	751
997.670000	997.680000	752
998.660000	998.670000	753
999.460000	999.700000	754
999.930000	1000.130000	755
1000.460000	1000.960000	756
1001.200000	1001.650000	757
1003.100000	1003.170000	758
1003.380000	1003.810000	759
1004.050000	1004.190000	760
1004.620000	1004.630000	761
1005.270000	1005.620000	762
1006.650000	1006.910000	763
1007.590000	1007.600000	764
1007.940000	1008.540000	765
1009.750000	1010.580000	766
1010.850000	1010.870000	767
1011.330000	1011.340000	768
1011.820000	1011.840000	769
1012.140000	1012.150000	770
1012.370000	1012.430000	771
1012.840000	1012.850000	772
1013.270000	1013.570000	773
1013.840000	1013.860000	774
1014.320000	1015.470000	775
1016.420000	1017.340000	776
1018.360000	1019.170000	777
1020.050000	1020.810000	778
1021.640000	1022.200000	779
1022.430000	1022.660000	780
1023.270000	1024.290000	781
1025.170000	1025.620000	782
1026.430000	1026.440000	783
1026.720000	1026.990000	784
1028.170000	1028.450000	785
1029.320000	1029.830000	786
1030.400000	1030.410000	787
1030.950000	1031.400000	788
1032.140000	1032.440000	789
1032.660000	1034.770000	790
1035.360000	1035.370000	791
1035.680000	1036.880000	792
1038.260000	1038.950000	793
1039.330000	1039.360000	794
1039.830000	1040.020000	795
1040.300000	1040.960000	796
1041.310000	1041.320000	797
1041.680000	1042.760000	798
1043.290000	1043.300000	799
1043.580000	1044.210000	800
1045.160000	1045.700000	801
1046.110000	1046.190000	802
1047.160000	1047.680000	803
1047.960000	1048.150000	804
1048.860000	1050.520000	805
1051.240000	1051.620000	806
1051.860000	1052.440000	807
1053.020000	1054.260000	808
1055.010000	1055.020000	809
1055.390000	1055.470000	810
1055.690000	1055.820000	811
1056.390000	1057.110000	812
1057.320000	1057.410000	813
1057.880000	1058.590000	814
1059.590000	1059.610000	815
1060.250000	1060.700000	816
1061.650000	1062.020000	817
1062.890000	1063.730000	818
1064.320000	1065.370000	819
1065.700000	1067.120000	820
1067.840000	1068.290000	821
1068.960000	1069.900000	822
1070.550000	1071.370000	823
1071.850000	1072.580000	824
1072.960000	1073.500000	825
1073.730000	1074.170000	826
1074.640000	1074.650000	827
1075.380000	1075.760000	828
1076.750000	1076.860000	829
1077.100000	1077.290000	830
1077.890000	1077.900000	831
1080.100000	1081.240000	832
1082.210000	1083.370000	833
1084.040000	1085.780000	834
1086.440000	1087.190000	835
1087.700000	1089.870000	836
1090.270000	1090.690000	837
1090.930000	1091.070000	838
1091.320000	1091.810000	839
1092.060000	1092.700000	840
1093.070000	1093.430000	841
1093.650000	1094.220000	842
1094.840000	1096.260000	843
1096.780000	1097.010000	844
1097.820000	1098.100000	845
1098.590000	1098.860000	846
1099.210000	1100.350000	847
1101.030000	1101.590000	848
1101.930000	1102.070000	849
1102.720000	1103.460000	850
1103.860000	1104.050000	851
1104.540000	1105.070000	852
1105.700000	1105.830000	853
1106.400000	1106.640000	854
1107.160000	1107.580000	855
1107.960000	1109.050000	856
1109.400000	1109.750000	857
1110.130000	1110.540000	858
1110.890000	1111.450000	859
1111.760000	1111.860000	860
1112.430000	1112.690000	861
1113.420000	1113.590000	862
1113.900000	1114.130000	863
1114.390000	1114.590000	864
1114.960000	1115.400000	865
1115.860000	1116.030000	866
1116.280000	1116.460000	867
1117.100000	1118.190000	868
1118.660000	1119.550000	869
1119.970000	1120.420000	870
1120.830000	1121.230000	871
1121.670000	1122.690000	872
1123.230000	1123.740000	873
1124.010000	1124.020000	874
1124.570000	1125.420000	875
1125.840000	1126.330000	876
1126.730000	1127.030000	877
1127.650000	1128.280000	878
1128.680000	1129.440000	879
1129.880000	1130.570000	880
1131.140000	1132.270000	881
1132.760000	1132.990000	882
1133.540000	1134.030000	883
1134.550000	1135.050000	884
1135.320000	1135.390000	885
1135.840000	1135.920000	886
1136.360000	1137.390000	887
1138.390000	1138.610000	888
1139.620000	1140.140000	889
1140.580000	1140.590000	890
1140.920000	1141.330000	891
1142.010000	1142.020000	892
1142.320000	1142.960000	893
1143.580000	1144.180000	894
1145.050000	1145.500000	895
1146.180000	1146.550000	896
1147.630000	1147.920000	897
1148.580000	1148.590000	898
1149.500000	1149.790000	899
1150.920000	1150.930000	900
1151.640000	1151.870000	901
1152.330000	1152.340000	902
1153.030000	1153.040000	903
1153.250000	1153.760000	904
1154.020000	1154.210000	905
1154.670000	1156.090000	906
1156.540000	1156.550000	907
1156.820000	1157.730000	908
1158.180000	1158.190000	909
1158.420000	1158.900000	910
1159.190000	1159.390000	911
1159.820000	1159.830000	912
1160.120000	1160.440000	913
1161.000000	1161.250000	914
1161.580000	1161.590000	915
1163.000000	1163.100000	916
1163.770000	1164.390000	917
1164.830000	1165.710000	918
1166.700000	1167.340000	919
1168.150000	1168.860000	920
1170.410000	1170.650000	921
1171.420000	1172.030000	922
1172.610000	1173.060000	923
1173.890000	1175.230000	924
1175.840000	1176.990000	925
1177.910000	1178.120000	926
1178.910000	1179.640000	927
1179.980000	1180.430000	928
1181.170000	1181.780000	929
1182.440000	1182.820000	930
1183.390000	1183.690000	931
1184.070000	1184.230000	932
1185.530000	1185.670000	933
1186.310000	1187.160000	934
1187.780000	1188.290000	935
1188.890000	1190.070000	936
1190.630000	1191.440000	937
1192.040000	1192.940000	938
1193.690000	1194.170000	939
1195.580000	1196.070000	940
1196.970000	1197.340000	941
1197.980000	1198.350000	942
1199.120000	1199.550000	943
1201.960000	1202.280000	944
1203.320000	1203.850000	945
1204.830000	1206.000000	946
1210.480000	1210.520000	947
1211.140000	1211.180000	948
1212.900000	1213.510000	949
1214.380000	1214.620000	950
1214.840000	1215.410000	951
1216.090000	1216.570000	952
1217.280000	1218.630000	953
1219.330000	1219.600000	954
1220.260000	1220.560000	955
1221.510000	1221.600000	956
1222.360000	1222.750000	957
1222.970000	1223.100000	958
1225.180000	1225.470000	959
1226.240000	1226.610000	960
1227.330000	1227.790000	961
1229.210000	1229.340000	962
1230.130000	1230.140000	963
1230.670000	1231.290000	964
1232.070000	1232.080000	965
1232.740000	1233.040000	966
1233.910000	1234.160000	967
1235.670000	1235.800000	968
1236.620000	1236.710000	969
1237.810000	1237.890000	970
1238.570000	1238.600000	971
1239.560000	1239.830000	972
1240.100000	1240.190000	973
1240.840000	1240.950000	974
1241.380000	1241.390000	975
1241.740000	1241.790000	976
1242.520000	1242.820000	977
1243.730000	1244.060000	978
1245.030000	1245.150000	979
1245.360000	1245.370000	980
1246.240000	1246.590000	981
1247.950000	1248.340000	982
1248.880000	1250.130000	983
1250.350000	1250.400000	984
1250.950000	1251.410000	985
1251.700000	1251.790000	986
1252.020000	1252.030000	987
1252.630000	1253.320000	988
1253.570000	1253.580000	989
1253.870000	1254.520000	990
1254.860000	1254.870000	991
1255.240000	1256.130000	992
1256.710000	1257.050000	993
1257.270000	1257.460000	994
1257.680000	1259.090000	995
1259.930000	1260.210000	996
1264.650000	1264.690000	997
1268.970000	1269.020000	998
1271.910000	1271.920000	999
1274.490000	1275.000000	1000
1276.190000	1276.380000	1001
1277.630000	1277.860000	1002
1279.060000	1279.390000	1003
1279.730000	1279.780000	1004
1280.740000	1281.770000	1005
1282.690000	1283.290000	1006
1284.210000	1284.290000	1007
1284.640000	1285.410000	1008
1286.400000	1287.470000	1009
1288.090000	1288.100000	1010
1288.450000	1288.710000	1011
1289.630000	1290.300000	1012
1291.000000	1291.090000	1013
1291.310000	1291.560000	1014
1293.500000	1293.610000	1015
1295.610000	1295.960000	1016
1296.440000	1297.110000	1017
1297.920000	1298.350000	1018
1299.450000	1299.720000	1019
1300.760000	1301.020000	1020
1305.520000	1305.980000	1021
1307.110000	1307.650000	1022
1307.990000	1308.270000	1023
1309.170000	1310.940000	1024
1311.170000	1311.530000	1025
1311.940000	1312.520000	1026
1312.780000	1313.140000	1027
1314.160000	1315.030000	1028
1315.930000	1316.890000	1029
1317.660000	1318.040000	1030
1318.620000	1318.910000	1031
1319.150000	1319.290000	1032
1319.520000	1319.800000	1033
1320.540000	1320.890000	1034
1321.960000	1322.440000	1035
1323.840000	1323.950000	1036
1325.590000	1325.600000	1037
1327.030000	1327.240000	1038
1327.780000	1327.980000	1039
1328.220000	1328.320000	1040
1329.060000	1329.120000	1041
1330.470000	1331.280000	1042
1332.150000	1332.740000	1043
1334.330000	1334.390000	1044
1335.350000	1335.950000	1045
1337.540000	1339.390000	1046
1339.890000	1340.020000	1047
1340.310000	1341.270000	1048
1342.020000	1342.290000	1049
1342.950000	1343.650000	1050
1344.210000	1344.260000	1051
1344.630000	1345.380000	1052
1346.330000	1347.020000	1053
1348.110000	1348.220000	1054
1348.600000	1348.660000	1055
1349.410000	1350.040000	1056
1350.690000	1350.700000	1057
1351.510000	1351.560000	1058
1352.210000	1352.660000	1059
1352.950000	1353.600000	1060
1354.260000	1355.460000	1061
1356.260000	1356.910000	1062
1357.800000	1358.040000	1063
1358.520000	1359.850000	1064
1360.480000	1362.120000	1065
1362.810000	1363.600000	1066
1364.110000	1364.260000	1067
1364.500000	1364.600000	1068
1365.030000	1365.440000	1069
1366.240000	1367.440000	1070
1368.110000	1368.930000	1071
1369.610000	1369.800000	1072
1370.480000	1371.010000	1073
1371.610000	1373.020000	1074
1373.960000	1374.220000	1075
1374.680000	1375.160000	1076
1375.910000	1376.850000	1077
1377.720000	1378.300000	1078
1379.310000	1379.510000	1079
1380.220000	1380.560000	1080
1381.710000	1382.260000	1081
1382.670000	1383.530000	1082
1384.460000	1384.480000	1083
1384.700000	1385.490000	1084
1386.320000	1386.900000	1085
1387.220000	1387.440000	1086
1388.360000	1389.450000	1087
1390.300000	1391.280000	1088
1392.480000	1393.550000	1089
1394.360000	1395.120000	1090
1395.450000	1395.980000	1091
1397.210000	1398.970000	1092
1400.290000	1401.020000	1093
1401.730000	1402.550000	1094
1403.300000	1403.720000	1095
1404.630000	1404.800000	1096
1405.500000	1406.060000	1097
1406.660000	1406.800000	1098
1407.760000	1408.250000	1099
1409.060000	1409.070000	1100
1409.700000	1409.930000	1101
1410.820000	1410.950000	1102
1411.230000	1412.300000	1103
1412.690000	1413.360000	1104
1413.590000	1413.830000	1105
1414.370000	1414.780000	1106
1415.200000	1415.400000	1107
1415.990000	1416.220000	1108
1416.960000	1417.280000	1109
1417.930000	1418.110000	1110
1418.900000	1419.250000	1111
1420.730000	1421.280000	1112
1421.710000	1422.500000	1113
1422.850000	1423.830000	1114
1424.410000	1425.650000	1115
1426.080000	1426.450000	1116
1427.100000	1427.500000	1117
1427.900000	1428.090000	1118
1428.790000	1429.500000	1119
1430.100000	1430.520000	1120
1431.190000	1431.590000	1121
1432.260000	1432.480000	1122
1433.470000	1434.250000	1123
1434.840000	1434.990000	1124
1435.710000	1435.920000	1125
1436.600000	1436.710000	1126
1437.150000	1437.380000	1127
1438.220000	1438.460000	1128
1439.400000	1439.910000	1129
1440.800000	1442.010000	1130
1443.230000	1443.310000	1131
1444.100000	1445.200000	1132
1445.830000	1445.920000	1133
1446.650000	1446.820000	1134
1447.540000	1447.690000	1135
1448.220000	1449.770000	1136
1450.470000	1450.500000	1137
1452.400000	1452.480000	1138
1452.720000	1453.810000	1139
1454.370000	1455.600000	1140
1456.270000	1458.240000	1141
1458.730000	1459.170000	1142
1459.940000	1460.350000	1143
1461.390000	1461.950000	1144
1462.940000	1463.190000	1145
1465.520000	1465.530000	1146
1465.750000	1466.850000	1147
1467.670000	1468.260000	1148
1470.820000	1470.830000	1149
1472.370000	1473.560000	1150
1474.090000	1474.990000	1151
1475.580000	1475.940000	1152
1476.740000	1478.350000	1153
1478.600000	1478.830000	1154
1479.080000	1480.360000	1155
1481.270000	1481.530000	1156
1482.580000	1482.880000	1157
1483.570000	1483.790000	1158
1484.430000	1485.110000	1159
1485.690000	1486.990000	1160
1487.610000	1488.530000	1161
1489.140000	1490.040000	1162
1490.540000	1491.710000	1163
1492.360000	1492.720000	1164
1494.390000	1494.690000	1165
1496.700000	1496.760000	1166
1497.790000	1497.920000	1167
1499.320000	1499.720000	1168
1500.500000	1500.780000	1169
1501.940000	1502.310000	1170
1503.550000	1503.980000	1171
1504.410000	1505.350000	1172
1506.450000	1506.540000	1173
1507.300000	1507.470000	1174
1508.220000	1508.260000	1175
1509.080000	1509.230000	1176
1510.030000	1510.410000	1177
1510.740000	1510.750000	1178
1511.130000	1511.580000	1179
1512.220000	1512.620000	1180
1513.360000	1514.330000	1181
1514.890000	1515.370000	1182
1516.190000	1516.780000	1183
1517.460000	1517.470000	1184
1518.180000	1518.650000	1185
1519.460000	1519.530000	1186
1520.130000	1521.560000	1187
1521.800000	1522.070000	1188
1522.900000	1523.280000	1189
1524.030000	1524.460000	1190
1524.810000	1525.830000	1191
1526.360000	1526.600000	1192
1527.220000	1529.740000	1193
1530.060000	1530.800000	1194
1531.160000	1531.270000	1195
1531.710000	1532.430000	1196
1532.750000	1533.550000	1197
1533.810000	1534.790000	1198
1535.090000	1535.470000	1199
1535.840000	1536.760000	1200
1537.070000	1537.690000	1201
1538.150000	1538.840000	1202
1539.420000	1539.710000	1203
1540.220000	1541.180000	1204
1541.820000	1542.290000	1205
1542.850000	1543.430000	1206
1543.860000	1544.320000	1207
1544.670000	1544.970000	1208
1545.390000	1545.840000	1209
1546.150000	1547.140000	1210
1547.940000	1548.400000	1211
1548.920000	1548.930000	1212
1549.380000	1549.430000	1213
1549.870000	1550.830000	1214
1551.110000	1551.500000	1215
1552.200000	1552.380000	1216
1553.140000	1553.150000	1217
1554.490000	1555.410000	1218
1555.980000	1556.510000	1219
1558.150000	1558.170000	1220
1558.930000	1559.130000	1221
1559.850000	1560.090000	1222
1561.120000	1561.390000	1223
1562.350000	1562.910000	1224
1563.440000	1564.490000	1225
1564.730000	1564.870000	1226
1565.090000	1565.410000	1227
1565.880000	1566.840000	1228
1567.420000	1568.990000	1229
1569.210000	1569.580000	1230
1570.310000	1571.180000	1231
1571.890000	1572.350000	1232
1572.660000	1573.180000	1233
1574.230000	1575.720000	1234
1577.470000	1578.300000	1235
1578.510000	1578.840000	1236
1581.430000	1581.620000	1237
1582.500000	1583.090000	1238
1584.730000	1585.290000	1239
1586.430000	1587.250000	1240
1588.200000	1589.550000	1241
1590.120000	1590.410000	1242
1590.690000	1590.720000	1243
1591.170000	1591.210000	1244
1591.690000	1591.740000	1245
1592.470000	1592.780000	1246
1593.020000	1593.880000	1247
1594.300000	1595.050000	1248
1595.260000	1595.460000	1249
1596.300000	1598.010000	1250
1598.960000	1599.470000	1251
1599.810000	1599.950000	1252
1601.170000	1601.850000	1253
1603.700000	1603.810000	1254
1604.050000	1604.360000	1255
1604.600000	1604.630000	1256
1604.980000	1605.200000	1257
1605.410000	1605.770000	1258
1605.990000	1606.300000	1259
1607.170000	1607.840000	1260
1609.070000	1609.110000	1261
1609.770000	1609.910000	1262
1610.120000	1610.610000	1263
1611.430000	1611.680000	1264
1611.900000	1612.010000	1265
1612.710000	1612.760000	1266
1613.050000	1613.200000	1267
1614.070000	1614.110000	1268
1614.360000	1614.460000	1269
1626.520000	1626.530000	1270
1636.840000	1637.290000	1271
1637.650000	1638.950000	1272
1640.690000	1641.000000	1273
1641.210000	1641.330000	1274
1641.740000	1641.980000	1275
1642.230000	1642.290000	1276
1642.570000	1643.030000	1277
1645.140000	1645.530000	1278
1645.760000	1645.780000	1279
1646.400000	1646.880000	1280
1647.530000	1647.700000	1281
1648.020000	1648.480000	1282
1649.090000	1649.260000	1283
1649.930000	1650.150000	1284
1650.940000	1650.960000	1285
1651.170000	1652.700000	1286
1652.950000	1653.090000	1287
1653.310000	1654.060000	1288
1655.910000	1656.040000	1289
1656.280000	1656.450000	1290
1658.320000	1660.880000	1291
1661.410000	1662.180000	1292
1662.490000	1662.720000	1293
1662.990000	1663.750000	1294
1664.210000	1664.700000	1295
1665.000000	1665.600000	1296
1665.830000	1665.910000	1297
1666.590000	1667.660000	1298
1667.870000	1668.130000	1299
1668.450000	1669.470000	1300
1669.890000	1671.300000	1301
1671.650000	1672.760000	1302
1673.230000	1674.180000	1303
1674.670000	1675.690000	1304
1676.290000	1676.470000	1305
1676.770000	1676.980000	1306
1677.600000	1678.970000	1307
1679.290000	1679.460000	1308
1679.700000	1680.410000	1309
1680.660000	1681.700000	1310
1682.180000	1682.350000	1311
1682.640000	1682.790000	1312
1683.420000	1683.840000	1313
1684.350000	1684.720000	1314
1684.970000	1685.030000	1315
1685.460000	1685.960000	1316
1687.210000	1688.650000	1317
1689.160000	1689.650000	1318
1689.960000	1690.050000	1319
1690.660000	1691.110000	1320
1691.460000	1691.540000	1321
1691.750000	1691.840000	1322
1692.370000	1692.900000	1323
1693.320000	1694.350000	1324
1694.730000	1694.830000	1325
1695.200000	1695.420000	1326
1696.410000	1697.720000	1327
1697.940000	1698.140000	1328
1698.450000	1699.480000	1329
1699.780000	1700.380000	1330
1700.670000	1701.210000	1331
1701.460000	1701.670000	1332
1702.270000	1702.810000	1333
1703.080000	1703.590000	1334
1704.010000	1704.590000	1335
1705.300000	1706.460000	1336
1706.910000	1707.140000	1337
1707.430000	1707.820000	1338
1708.350000	1709.070000	1339
1709.290000	1709.810000	1340
1710.050000	1710.300000	1341
1710.800000	1711.030000	1342
1711.290000	1711.520000	1343
1712.570000	1713.040000	1344
1714.450000	1714.730000	1345
1714.970000	1716.410000	1346
1717.030000	1717.720000	1347
1717.980000	1718.110000	1348
1719.920000	1720.740000	1349
1721.520000	1721.530000	1350
1723.490000	1723.840000	1351
1725.450000	1726.150000	1352
1727.150000	1728.230000	1353
1729.000000	1729.900000	1354
1730.440000	1731.410000	1355
1731.810000	1732.700000	1356
1733.550000	1734.210000	1357
1735.060000	1735.390000	1358
1736.280000	1736.300000	1359
1736.610000	1737.920000	1360
1738.170000	1739.070000	1361
1739.420000	1740.610000	1362
1740.950000	1741.030000	1363
1741.320000	1741.370000	1364
1741.740000	1741.750000	1365
1742.280000	1742.970000	1366
1743.700000	1744.320000	1367
1744.780000	1745.810000	1368
1746.290000	1746.300000	1369
