START		STOP		LABEL
0.050000	0.590000	1
0.800000	1.280000	2
1.390000	1.540000	3
1.650000	2.140000	4
2.290000	2.620000	5
2.730000	3.240000	6
3.390000	3.500000	7
3.720000	4.800000	8
4.940000	5.180000	9
5.300000	6.450000	10
6.850000	7.340000	11
7.460000	8.510000	12
8.630000	9.260000	13
9.540000	10.100000	14
10.250000	10.480000	15
10.610000	10.750000	16
11.170000	11.450000	17
11.580000	11.650000	18
11.820000	11.900000	19
12.040000	12.570000	20
12.700000	13.150000	21
13.540000	13.750000	22
13.890000	14.120000	23
14.230000	14.550000	24
15.110000	15.420000	25
15.910000	17.410000	26
17.590000	18.060000	27
18.350000	18.380000	28
18.490000	19.390000	29
19.540000	19.710000	30
19.850000	20.070000	31
20.190000	20.340000	32
20.780000	20.890000	33
21.000000	21.620000	34
21.780000	22.170000	35
22.780000	23.120000	36
23.440000	23.990000	37
24.100000	24.540000	38
24.690000	25.220000	39
25.650000	26.850000	40
27.230000	28.120000	41
28.230000	29.120000	42
29.230000	29.370000	43
29.480000	29.840000	44
30.190000	30.430000	45
30.550000	30.940000	46
31.070000	31.680000	47
32.110000	32.840000	48
32.950000	33.130000	49
33.240000	33.350000	50
34.150000	35.800000	51
36.090000	36.680000	52
36.810000	37.640000	53
37.960000	38.160000	54
38.300000	38.690000	55
39.030000	39.340000	56
39.480000	39.940000	57
40.140000	40.630000	58
41.030000	41.470000	59
41.620000	41.700000	60
41.960000	42.610000	61
42.800000	43.160000	62
43.330000	43.730000	63
43.890000	44.010000	64
44.340000	44.440000	65
44.820000	46.690000	66
46.870000	47.350000	67
47.470000	50.190000	68
50.460000	50.630000	69
51.130000	51.240000	70
51.410000	51.530000	71
51.850000	51.940000	72
52.070000	52.910000	73
53.020000	53.050000	74
53.430000	53.650000	75
53.920000	55.370000	76
55.600000	56.280000	77
56.930000	57.510000	78
57.630000	57.770000	79
57.880000	58.290000	80
58.480000	58.550000	81
58.700000	59.090000	82
59.210000	59.300000	83
59.450000	59.780000	84
59.970000	60.470000	85
60.620000	60.770000	86
60.930000	61.360000	87
61.560000	62.420000	88
63.660000	64.290000	89
64.540000	64.630000	90
64.750000	65.070000	91
65.190000	65.490000	92
65.640000	66.010000	93
66.160000	66.560000	94
66.690000	66.750000	95
66.880000	67.120000	96
67.340000	67.550000	97
67.870000	68.000000	98
68.350000	68.360000	99
68.470000	68.730000	100
69.100000	69.250000	101
69.380000	70.460000	102
70.700000	71.040000	103
71.150000	71.480000	104
71.900000	72.780000	105
73.530000	74.050000	106
74.170000	74.300000	107
74.480000	75.060000	108
75.180000	75.440000	109
75.580000	75.880000	110
76.140000	76.680000	111
76.790000	77.080000	112
77.210000	77.420000	113
77.550000	78.210000	114
78.520000	78.880000	115
79.030000	79.420000	116
79.740000	80.490000	117
80.680000	80.920000	118
81.060000	81.230000	119
82.290000	82.520000	120
82.790000	83.380000	121
84.040000	84.350000	122
84.480000	85.100000	123
85.210000	85.350000	124
85.480000	86.010000	125
86.130000	86.930000	126
87.060000	87.640000	127
89.050000	89.540000	128
90.100000	90.260000	129
90.440000	90.570000	130
91.570000	91.600000	131
91.890000	92.280000	132
92.410000	93.630000	133
93.780000	93.990000	134
94.150000	94.280000	135
94.410000	94.970000	136
95.400000	95.490000	137
95.670000	96.160000	138
96.950000	97.400000	139
98.140000	98.600000	140
99.440000	99.890000	141
100.280000	100.650000	142
100.860000	101.690000	143
101.850000	103.010000	144
103.180000	103.290000	145
103.420000	103.660000	146
103.810000	104.630000	147
105.160000	105.360000	148
105.740000	105.800000	149
106.010000	106.430000	150
106.570000	106.780000	151
107.030000	107.210000	152
107.420000	107.630000	153
107.760000	107.950000	154
108.940000	109.470000	155
109.900000	109.990000	156
110.110000	110.280000	157
110.880000	111.060000	158
111.420000	111.430000	159
111.680000	111.790000	160
112.010000	112.140000	161
112.290000	112.500000	162
112.620000	113.920000	163
114.080000	114.860000	164
115.010000	115.140000	165
115.250000	115.650000	166
115.770000	116.070000	167
116.590000	117.150000	168
117.360000	117.570000	169
118.390000	119.460000	170
119.570000	119.720000	171
120.750000	121.030000	172
121.170000	121.410000	173
122.300000	122.460000	174
122.790000	123.120000	175
123.260000	123.380000	176
123.590000	124.010000	177
124.200000	124.390000	178
124.560000	124.800000	179
125.060000	125.260000	180
125.600000	126.100000	181
126.460000	126.870000	182
127.470000	127.740000	183
127.900000	128.430000	184
128.680000	128.860000	185
128.970000	129.060000	186
129.210000	129.480000	187
130.330000	130.600000	188
130.780000	131.190000	189
131.660000	131.690000	190
131.870000	132.320000	191
132.490000	133.250000	192
133.880000	135.080000	193
135.290000	135.460000	194
135.620000	135.900000	195
136.020000	136.160000	196
137.030000	137.480000	197
137.590000	137.710000	198
137.840000	138.050000	199
138.280000	139.150000	200
139.270000	139.450000	201
139.960000	140.690000	202
141.200000	141.470000	203
141.650000	141.930000	204
142.040000	142.240000	205
142.500000	142.590000	206
142.770000	143.150000	207
143.290000	143.510000	208
144.010000	144.610000	209
145.050000	145.160000	210
145.440000	145.610000	211
145.750000	146.020000	212
146.960000	147.050000	213
147.180000	147.550000	214
147.720000	147.910000	215
148.020000	148.270000	216
148.400000	148.490000	217
148.610000	149.270000	218
150.250000	150.380000	219
150.620000	150.840000	220
151.400000	151.830000	221
152.720000	153.050000	222
153.160000	153.650000	223
153.760000	154.210000	224
155.200000	155.570000	225
155.720000	155.870000	226
155.990000	156.030000	227
156.180000	156.300000	228
156.450000	156.640000	229
156.770000	157.160000	230
157.320000	157.330000	231
158.940000	159.290000	232
160.860000	161.040000	233
161.150000	161.380000	234
163.030000	163.050000	235
163.280000	163.740000	236
163.890000	164.590000	237
164.740000	164.910000	238
166.570000	166.960000	239
167.790000	168.180000	240
169.090000	169.490000	241
170.300000	170.810000	242
171.070000	171.460000	243
171.680000	172.340000	244
172.960000	173.620000	245
173.750000	173.850000	246
173.980000	174.300000	247
174.450000	174.600000	248
175.840000	175.950000	249
176.080000	176.260000	250
176.380000	176.580000	251
176.780000	177.110000	252
178.060000	178.820000	253
179.120000	179.210000	254
179.360000	180.030000	255
180.570000	180.800000	256
180.920000	181.170000	257
181.540000	181.650000	258
181.760000	182.260000	259
182.380000	183.570000	260
183.730000	183.850000	261
183.970000	185.160000	262
185.360000	185.470000	263
185.600000	185.710000	264
185.820000	186.160000	265
186.850000	187.000000	266
187.120000	187.590000	267
187.730000	187.860000	268
188.060000	188.230000	269
188.690000	189.080000	270
189.440000	189.600000	271
189.930000	190.920000	272
191.240000	191.650000	273
191.770000	192.380000	274
192.620000	192.990000	275
193.160000	194.260000	276
194.720000	195.510000	277
195.710000	195.970000	278
196.210000	196.290000	279
196.440000	196.630000	280
196.800000	197.260000	281
197.380000	197.500000	282
197.610000	197.750000	283
198.090000	198.630000	284
198.820000	199.050000	285
199.200000	199.950000	286
200.530000	201.000000	287
201.120000	201.380000	288
201.560000	201.710000	289
201.880000	201.900000	290
202.030000	202.200000	291
202.990000	203.160000	292
204.100000	204.850000	293
204.970000	205.070000	294
205.350000	205.530000	295
205.650000	205.840000	296
207.780000	208.220000	297
208.340000	208.470000	298
208.640000	208.710000	299
208.950000	209.800000	300
209.930000	210.310000	301
210.530000	210.910000	302
211.130000	211.440000	303
212.100000	212.640000	304
212.930000	213.450000	305
215.400000	215.570000	306
215.960000	216.200000	307
216.330000	216.920000	308
217.090000	217.570000	309
217.690000	218.190000	310
218.330000	218.450000	311
218.570000	219.620000	312
219.970000	220.430000	313
220.560000	220.700000	314
222.180000	222.870000	315
223.040000	223.130000	316
223.370000	223.550000	317
225.260000	225.390000	318
225.500000	227.100000	319
228.540000	228.760000	320
229.010000	229.070000	321
229.240000	229.590000	322
230.720000	231.150000	323
231.270000	232.180000	324
233.220000	233.230000	325
233.380000	233.610000	326
233.730000	233.990000	327
234.130000	234.690000	328
234.940000	235.450000	329
236.060000	236.370000	330
236.580000	237.200000	331
238.140000	238.350000	332
239.330000	239.380000	333
239.810000	240.980000	334
241.410000	241.620000	335
241.810000	242.020000	336
242.160000	242.230000	337
242.440000	242.980000	338
243.110000	243.280000	339
243.560000	243.930000	340
244.920000	245.470000	341
245.820000	246.000000	342
246.130000	246.480000	343
247.050000	247.720000	344
248.050000	248.210000	345
248.370000	248.620000	346
248.910000	249.110000	347
249.790000	250.050000	348
250.180000	250.470000	349
250.670000	250.720000	350
250.930000	251.040000	351
251.520000	251.820000	352
252.570000	252.800000	353
252.920000	253.300000	354
254.260000	254.630000	355
255.340000	255.650000	356
256.380000	256.670000	357
257.520000	257.800000	358
258.360000	258.490000	359
258.640000	258.840000	360
259.100000	259.430000	361
260.090000	260.350000	362
260.500000	260.630000	363
260.840000	261.080000	364
261.610000	261.710000	365
261.970000	263.050000	366
263.160000	263.300000	367
263.410000	263.760000	368
264.150000	264.800000	369
264.940000	265.210000	370
265.740000	266.650000	371
266.760000	267.550000	372
267.670000	268.310000	373
268.440000	268.490000	374
268.630000	269.220000	375
269.330000	270.240000	376
270.990000	271.460000	377
271.700000	272.410000	378
272.820000	273.820000	379
274.140000	274.830000	380
275.010000	275.050000	381
275.160000	276.000000	382
276.140000	276.360000	383
276.640000	276.970000	384
277.440000	277.590000	385
277.910000	278.380000	386
278.500000	278.740000	387
278.900000	279.710000	388
279.820000	280.460000	389
280.590000	280.810000	390
280.990000	281.180000	391
281.410000	281.700000	392
281.810000	281.880000	393
282.070000	282.100000	394
282.250000	282.320000	395
282.430000	282.580000	396
283.200000	283.580000	397
283.740000	284.090000	398
284.660000	284.940000	399
285.120000	285.220000	400
286.430000	287.210000	401
287.350000	287.730000	402
287.900000	288.200000	403
288.690000	289.490000	404
289.610000	290.110000	405
290.410000	290.820000	406
290.950000	291.030000	407
291.190000	291.480000	408
291.850000	292.270000	409
292.990000	293.080000	410
293.550000	293.940000	411
294.100000	295.400000	412
296.700000	296.870000	413
297.070000	297.310000	414
297.810000	298.380000	415
298.970000	299.160000	416
299.350000	299.710000	417
299.890000	299.950000	418
300.410000	301.040000	419
301.540000	302.900000	420
303.080000	303.140000	421
303.280000	303.450000	422
303.560000	303.750000	423
303.900000	304.200000	424
304.680000	304.760000	425
305.000000	305.030000	426
305.180000	305.810000	427
306.340000	306.420000	428
306.610000	306.660000	429
306.770000	307.020000	430
307.410000	307.760000	431
308.020000	308.090000	432
308.200000	309.160000	433
309.430000	311.230000	434
311.380000	311.600000	435
312.020000	312.200000	436
312.310000	313.470000	437
313.590000	313.660000	438
313.810000	314.110000	439
315.160000	315.270000	440
315.680000	315.980000	441
316.220000	316.530000	442
316.720000	317.050000	443
317.160000	317.260000	444
320.090000	320.480000	445
321.150000	321.510000	446
322.130000	322.430000	447
323.060000	323.380000	448
323.540000	323.870000	449
324.030000	324.300000	450
324.550000	324.670000	451
325.780000	325.870000	452
325.980000	327.570000	453
328.220000	328.840000	454
328.960000	329.580000	455
329.720000	329.980000	456
330.130000	330.680000	457
330.870000	331.320000	458
331.480000	331.640000	459
332.280000	332.680000	460
332.800000	333.390000	461
333.580000	334.180000	462
334.310000	334.520000	463
334.720000	335.250000	464
335.360000	335.540000	465
335.760000	335.830000	466
335.940000	336.070000	467
337.330000	337.350000	468
338.130000	339.270000	469
339.420000	339.570000	470
339.830000	340.600000	471
340.720000	341.010000	472
342.400000	342.540000	473
343.090000	343.350000	474
343.510000	343.760000	475
343.910000	344.100000	476
344.210000	344.580000	477
344.770000	345.760000	478
345.890000	346.100000	479
346.220000	346.980000	480
347.160000	347.360000	481
348.480000	348.870000	482
348.980000	349.060000	483
349.230000	349.660000	484
349.780000	350.010000	485
350.120000	350.750000	486
350.970000	351.650000	487
351.800000	352.380000	488
352.520000	353.050000	489
353.200000	353.240000	490
353.360000	353.390000	491
353.570000	353.590000	492
353.710000	353.810000	493
353.920000	353.950000	494
354.120000	354.260000	495
354.390000	354.560000	496
355.170000	355.200000	497
355.450000	355.630000	498
355.790000	356.180000	499
356.340000	356.480000	500
356.600000	356.710000	501
357.240000	357.380000	502
357.560000	357.650000	503
358.190000	358.390000	504
358.550000	358.740000	505
359.700000	360.360000	506
360.750000	361.090000	507
361.260000	362.030000	508
362.260000	362.780000	509
362.890000	363.420000	510
364.000000	364.070000	511
364.290000	364.560000	512
364.710000	364.970000	513
366.370000	366.430000	514
367.150000	367.470000	515
367.600000	367.820000	516
367.930000	367.990000	517
368.280000	368.570000	518
369.110000	369.270000	519
369.450000	369.570000	520
370.970000	372.030000	521
372.720000	372.850000	522
373.060000	373.110000	523
373.300000	373.600000	524
373.720000	373.800000	525
374.030000	374.160000	526
374.270000	374.780000	527
375.600000	375.650000	528
375.920000	376.280000	529
377.500000	377.990000	530
378.910000	379.180000	531
379.360000	379.760000	532
380.670000	381.060000	533
381.870000	382.400000	534
382.550000	383.000000	535
383.240000	383.540000	536
384.130000	384.300000	537
384.510000	385.500000	538
386.200000	386.340000	539
386.450000	387.120000	540
387.230000	387.620000	541
387.760000	388.200000	542
388.370000	388.850000	543
388.960000	390.340000	544
390.580000	391.750000	545
391.880000	391.890000	546
392.400000	392.580000	547
392.710000	393.920000	548
394.030000	394.070000	549
394.220000	394.650000	550
394.780000	394.870000	551
395.330000	396.050000	552
396.550000	396.920000	553
397.120000	397.300000	554
397.410000	397.610000	555
397.730000	398.150000	556
398.270000	398.710000	557
398.840000	399.390000	558
399.690000	401.370000	559
401.760000	402.390000	560
402.670000	402.840000	561
402.980000	403.320000	562
403.450000	403.730000	563
403.840000	404.370000	564
404.530000	404.740000	565
404.850000	405.250000	566
405.540000	405.600000	567
405.720000	406.540000	568
406.690000	407.030000	569
407.630000	407.800000	570
408.040000	408.330000	571
408.440000	409.100000	572
409.350000	409.600000	573
410.240000	411.130000	574
411.580000	412.390000	575
412.640000	412.760000	576
412.920000	413.370000	577
413.480000	413.550000	578
413.730000	413.920000	579
414.670000	414.910000	580
415.020000	415.670000	581
416.610000	416.690000	582
416.800000	417.410000	583
418.690000	419.270000	584
419.410000	419.770000	585
420.730000	420.840000	586
420.980000	421.130000	587
421.290000	422.080000	588
423.350000	423.660000	589
423.870000	423.950000	590
424.060000	424.230000	591
424.360000	424.650000	592
425.670000	426.670000	593
426.800000	426.810000	594
426.920000	427.070000	595
427.290000	427.710000	596
427.900000	428.290000	597
428.480000	428.810000	598
430.580000	431.130000	599
431.240000	431.980000	600
432.100000	432.170000	601
432.280000	433.160000	602
433.270000	433.920000	603
434.040000	434.220000	604
434.330000	434.830000	605
435.080000	435.390000	606
435.510000	436.400000	607
436.620000	436.640000	608
436.820000	436.960000	609
437.090000	437.270000	610
439.180000	439.530000	611
439.650000	440.040000	612
440.160000	440.200000	613
440.360000	441.410000	614
441.730000	441.760000	615
441.910000	442.170000	616
442.500000	442.510000	617
442.680000	442.800000	618
442.950000	443.140000	619
444.190000	444.280000	620
444.520000	444.670000	621
444.790000	447.540000	622
447.720000	448.690000	623
449.100000	449.270000	624
449.430000	449.790000	625
450.550000	450.930000	626
451.650000	451.980000	627
452.720000	453.100000	628
453.510000	453.970000	629
454.480000	455.490000	630
456.270000	456.970000	631
457.090000	457.510000	632
457.690000	458.050000	633
458.240000	458.320000	634
458.450000	458.670000	635
459.280000	459.300000	636
459.620000	459.990000	637
460.170000	460.560000	638
460.720000	460.990000	639
461.780000	462.430000	640
462.840000	463.170000	641
463.360000	463.880000	642
464.200000	464.940000	643
465.080000	465.740000	644
465.920000	466.330000	645
467.220000	467.280000	646
467.400000	468.860000	647
469.410000	469.430000	648
469.580000	470.420000	649
471.110000	472.070000	650
472.790000	474.120000	651
474.830000	474.980000	652
475.210000	475.390000	653
475.550000	475.770000	654
476.650000	476.830000	655
476.960000	477.100000	656
477.530000	478.510000	657
478.630000	478.770000	658
479.350000	479.950000	659
480.070000	480.210000	660
480.880000	480.920000	661
481.050000	481.140000	662
482.190000	482.230000	663
482.500000	482.600000	664
484.290000	484.350000	665
484.500000	484.760000	666
484.930000	485.070000	667
485.190000	485.580000	668
485.830000	486.270000	669
487.270000	488.180000	670
488.300000	489.060000	671
489.570000	489.750000	672
489.900000	490.400000	673
490.600000	491.500000	674
491.680000	491.880000	675
491.990000	492.190000	676
492.860000	493.760000	677
493.870000	494.150000	678
494.680000	495.980000	679
496.090000	496.690000	680
496.890000	496.990000	681
497.120000	497.460000	682
497.980000	498.350000	683
498.470000	498.690000	684
498.810000	498.920000	685
499.050000	499.070000	686
500.710000	501.120000	687
501.630000	502.060000	688
502.270000	502.570000	689
503.590000	503.770000	690
503.900000	503.990000	691
504.190000	504.490000	692
504.830000	504.900000	693
505.170000	505.430000	694
505.560000	505.600000	695
505.730000	506.090000	696
506.210000	506.480000	697
506.830000	507.140000	698
507.290000	507.490000	699
507.600000	507.960000	700
508.070000	508.290000	701
508.430000	508.650000	702
508.790000	508.960000	703
510.230000	510.490000	704
511.590000	511.910000	705
512.680000	513.050000	706
513.230000	513.780000	707
513.910000	514.360000	708
515.210000	516.150000	709
516.500000	517.100000	710
517.540000	519.410000	711
520.010000	520.560000	712
520.680000	521.180000	713
521.330000	521.480000	714
521.680000	521.820000	715
521.970000	521.980000	716
522.710000	522.830000	717
523.660000	523.930000	718
524.050000	524.220000	719
524.400000	525.080000	720
525.190000	525.860000	721
526.340000	526.790000	722
526.910000	527.010000	723
527.140000	527.300000	724
527.410000	527.790000	725
528.480000	529.470000	726
529.580000	530.030000	727
530.530000	531.250000	728
531.380000	531.550000	729
532.850000	533.620000	730
533.800000	534.460000	731
534.600000	534.750000	732
534.870000	535.050000	733
535.170000	535.710000	734
535.870000	536.800000	735
537.330000	537.520000	736
537.840000	538.360000	737
538.550000	538.940000	738
539.050000	540.270000	739
541.960000	543.560000	740
543.680000	544.610000	741
545.150000	545.500000	742
545.620000	546.220000	743
546.890000	547.360000	744
547.520000	548.060000	745
548.700000	548.870000	746
548.980000	549.250000	747
549.790000	549.800000	748
549.970000	550.380000	749
550.490000	550.570000	750
550.820000	551.320000	751
551.430000	551.700000	752
552.230000	552.660000	753
552.780000	553.150000	754
553.300000	553.540000	755
554.520000	554.660000	756
554.800000	555.250000	757
555.370000	555.590000	758
556.030000	556.080000	759
556.300000	556.440000	760
556.610000	556.660000	761
556.840000	556.890000	762
558.510000	558.530000	763
558.870000	558.950000	764
559.090000	559.160000	765
559.290000	559.560000	766
560.260000	560.360000	767
560.490000	560.890000	768
561.000000	561.540000	769
562.100000	562.680000	770
562.810000	563.050000	771
563.460000	563.880000	772
564.860000	564.890000	773
565.050000	565.250000	774
565.650000	565.930000	775
567.660000	567.710000	776
567.970000	568.290000	777
568.410000	569.050000	778
569.160000	569.350000	779
570.210000	571.110000	780
571.260000	571.920000	781
572.620000	572.710000	782
572.830000	572.880000	783
572.990000	573.150000	784
573.300000	573.600000	785
574.880000	574.950000	786
575.200000	575.340000	787
575.870000	576.550000	788
576.660000	577.010000	789
577.120000	577.230000	790
577.370000	577.420000	791
579.030000	579.310000	792
580.170000	580.490000	793
581.250000	581.790000	794
582.010000	582.420000	795
582.960000	583.260000	796
583.400000	583.830000	797
584.230000	584.880000	798
585.290000	585.360000	799
585.490000	585.940000	800
586.110000	586.280000	801
586.430000	588.020000	802
589.390000	589.500000	803
589.630000	589.860000	804
590.040000	590.190000	805
590.430000	590.720000	806
590.850000	592.220000	807
592.480000	592.920000	808
593.250000	593.430000	809
593.560000	594.040000	810
594.170000	594.740000	811
595.050000	595.520000	812
596.000000	596.670000	813
596.830000	596.840000	814
597.040000	597.510000	815
597.680000	597.920000	816
598.550000	598.800000	817
598.990000	599.200000	818
599.380000	599.630000	819
599.830000	600.030000	820
600.190000	600.310000	821
601.640000	601.770000	822
601.900000	602.040000	823
602.250000	602.440000	824
602.570000	602.990000	825
603.250000	605.170000	826
605.480000	605.520000	827
605.650000	606.690000	828
607.530000	608.400000	829
608.550000	609.230000	830
609.340000	610.000000	831
610.180000	610.890000	832
611.620000	612.430000	833
612.550000	613.110000	834
613.300000	614.480000	835
614.630000	614.870000	836
615.050000	615.490000	837
615.930000	615.990000	838
616.790000	616.840000	839
616.950000	617.820000	840
617.950000	618.590000	841
618.740000	619.380000	842
619.610000	620.040000	843
620.150000	620.430000	844
620.790000	621.170000	845
621.460000	621.830000	846
622.060000	622.140000	847
622.320000	623.460000	848
623.600000	623.870000	849
624.080000	624.970000	850
625.210000	626.010000	851
626.440000	626.970000	852
627.090000	627.280000	853
627.480000	627.840000	854
628.190000	628.490000	855
628.600000	629.260000	856
629.410000	629.540000	857
629.680000	630.080000	858
630.580000	630.720000	859
630.910000	630.930000	860
631.400000	631.730000	861
631.930000	632.010000	862
632.150000	632.360000	863
632.470000	632.740000	864
633.010000	633.350000	865
633.460000	633.580000	866
634.090000	634.370000	867
634.510000	634.680000	868
635.520000	635.670000	869
635.840000	636.540000	870
636.710000	637.280000	871
638.140000	639.240000	872
639.400000	639.870000	873
640.440000	640.790000	874
640.910000	641.100000	875
641.910000	642.560000	876
643.190000	643.610000	877
644.730000	644.880000	878
645.000000	645.210000	879
645.400000	645.490000	880
645.640000	645.870000	881
646.480000	646.680000	882
646.830000	646.960000	883
647.220000	647.240000	884
647.370000	647.530000	885
648.400000	648.460000	886
648.620000	649.010000	887
649.810000	650.350000	888
650.580000	650.660000	889
651.080000	651.130000	890
651.240000	651.290000	891
653.020000	653.230000	892
653.350000	653.720000	893
653.890000	654.140000	894
654.290000	654.320000	895
654.520000	654.830000	896
655.590000	655.910000	897
656.560000	656.860000	898
657.610000	657.880000	899
658.420000	658.730000	900
659.100000	659.270000	901
659.470000	659.690000	902
659.990000	660.750000	903
661.380000	661.430000	904
661.910000	662.460000	905
662.770000	662.990000	906
663.130000	663.540000	907
663.670000	663.810000	908
663.990000	664.010000	909
664.230000	664.990000	910
665.350000	665.500000	911
665.640000	665.840000	912
666.020000	666.270000	913
668.440000	668.920000	914
669.050000	669.580000	915
670.390000	670.720000	916
670.930000	670.980000	917
671.440000	671.710000	918
672.330000	672.400000	919
672.550000	672.670000	920
672.790000	672.900000	921
673.050000	673.260000	922
673.370000	673.400000	923
673.580000	673.810000	924
674.660000	674.930000	925
675.960000	676.080000	926
676.260000	676.400000	927
676.610000	678.560000	928
678.800000	679.200000	929
679.340000	679.840000	930
680.430000	680.850000	931
681.010000	681.180000	932
681.370000	681.730000	933
681.840000	682.100000	934
682.310000	682.360000	935
682.470000	682.650000	936
682.880000	683.070000	937
685.210000	685.330000	938
685.500000	685.560000	939
685.670000	685.820000	940
686.020000	686.210000	941
686.440000	686.460000	942
687.500000	687.600000	943
687.990000	688.050000	944
688.410000	688.490000	945
688.600000	688.920000	946
689.700000	689.780000	947
689.950000	690.400000	948
690.640000	691.010000	949
691.530000	691.630000	950
691.800000	691.890000	951
693.310000	693.820000	952
694.050000	694.180000	953
694.320000	695.100000	954
695.230000	695.480000	955
695.610000	695.870000	956
696.140000	696.160000	957
697.650000	697.660000	958
698.190000	698.660000	959
700.800000	700.930000	960
701.110000	701.480000	961
701.590000	701.990000	962
702.270000	702.350000	963
702.680000	702.940000	964
703.690000	703.970000	965
704.080000	704.780000	966
705.860000	706.480000	967
706.650000	706.860000	968
707.680000	707.990000	969
708.760000	709.130000	970
710.020000	710.370000	971
711.070000	711.470000	972
711.960000	712.470000	973
712.640000	713.630000	974
714.730000	714.860000	975
715.020000	716.240000	976
716.350000	716.370000	977
716.550000	716.600000	978
716.760000	718.260000	979
718.770000	719.010000	980
719.240000	719.920000	981
720.080000	720.840000	982
720.950000	720.960000	983
721.350000	721.540000	984
721.830000	722.170000	985
723.450000	723.910000	986
724.190000	724.910000	987
725.770000	725.800000	988
726.090000	726.320000	989
727.790000	727.820000	990
728.090000	728.250000	991
728.380000	729.100000	992
729.460000	729.790000	993
730.000000	730.130000	994
731.620000	731.820000	995
731.950000	732.050000	996
732.180000	732.390000	997
732.530000	732.540000	998
732.980000	733.140000	999
734.610000	734.720000	1000
735.010000	735.050000	1001
735.200000	735.750000	1002
735.870000	736.070000	1003
736.200000	736.390000	1004
736.560000	736.900000	1005
737.050000	737.280000	1006
737.890000	738.120000	1007
738.280000	738.420000	1008
739.740000	739.850000	1009
740.000000	740.430000	1010
741.410000	741.580000	1011
741.750000	741.960000	1012
742.370000	743.010000	1013
743.120000	744.300000	1014
744.980000	745.100000	1015
745.210000	745.790000	1016
745.900000	746.730000	1017
746.900000	747.100000	1018
747.230000	747.290000	1019
747.740000	747.760000	1020
748.210000	748.250000	1021
748.430000	748.600000	1022
748.810000	748.940000	1023
750.210000	750.230000	1024
750.510000	750.820000	1025
751.010000	751.300000	1026
753.020000	753.260000	1027
754.630000	755.310000	1028
755.810000	755.850000	1029
756.010000	756.150000	1030
758.300000	758.850000	1031
759.010000	759.240000	1032
760.660000	760.910000	1033
761.090000	761.290000	1034
762.400000	762.810000	1035
763.680000	763.950000	1036
764.820000	765.440000	1037
765.550000	765.950000	1038
766.220000	766.230000	1039
766.390000	766.760000	1040
766.870000	767.140000	1041
767.310000	767.960000	1042
768.150000	768.390000	1043
768.500000	769.290000	1044
769.800000	770.360000	1045
770.470000	770.900000	1046
771.070000	771.390000	1047
771.520000	773.220000	1048
773.600000	774.190000	1049
774.940000	775.250000	1050
775.860000	776.580000	1051
776.960000	777.290000	1052
777.910000	778.940000	1053
779.320000	780.550000	1054
780.700000	780.860000	1055
781.000000	781.070000	1056
781.200000	781.450000	1057
781.570000	781.690000	1058
782.180000	782.390000	1059
782.500000	782.940000	1060
783.090000	783.190000	1061
783.330000	783.950000	1062
784.110000	784.190000	1063
784.360000	784.430000	1064
784.540000	784.570000	1065
785.980000	786.160000	1066
786.280000	786.360000	1067
786.490000	786.640000	1068
786.770000	786.790000	1069
787.680000	787.750000	1070
787.950000	788.040000	1071
788.760000	788.850000	1072
790.360000	790.520000	1073
790.800000	790.910000	1074
791.060000	791.190000	1075
791.350000	791.520000	1076
791.700000	791.740000	1077
791.900000	791.950000	1078
792.150000	792.570000	1079
792.780000	793.360000	1080
794.060000	794.100000	1081
794.330000	794.440000	1082
794.610000	794.650000	1083
796.230000	796.430000	1084
796.660000	797.140000	1085
797.280000	798.500000	1086
798.860000	799.060000	1087
799.200000	799.590000	1088
799.700000	799.850000	1089
799.990000	800.030000	1090
800.190000	800.670000	1091
801.050000	801.390000	1092
801.590000	801.940000	1093
802.340000	802.950000	1094
803.080000	803.170000	1095
803.710000	804.180000	1096
804.290000	804.730000	1097
805.410000	805.950000	1098
806.100000	806.770000	1099
807.330000	808.010000	1100
808.120000	808.630000	1101
808.910000	809.070000	1102
809.250000	809.280000	1103
809.420000	809.530000	1104
809.680000	809.750000	1105
809.880000	810.110000	1106
810.590000	810.790000	1107
811.200000	811.320000	1108
811.560000	812.370000	1109
812.500000	812.590000	1110
812.710000	812.810000	1111
812.960000	813.100000	1112
814.120000	814.440000	1113
814.600000	814.890000	1114
815.770000	815.990000	1115
816.760000	817.100000	1116
817.780000	818.100000	1117
818.720000	819.110000	1118
819.400000	819.740000	1119
819.860000	820.560000	1120
820.760000	821.240000	1121
822.320000	823.380000	1122
823.490000	824.090000	1123
824.200000	824.590000	1124
824.700000	824.840000	1125
825.040000	825.450000	1126
825.910000	826.050000	1127
826.280000	826.770000	1128
826.920000	827.610000	1129
828.330000	828.720000	1130
828.850000	829.280000	1131
830.460000	831.200000	1132
831.310000	831.650000	1133
832.240000	832.730000	1134
832.880000	833.980000	1135
834.100000	834.920000	1136
835.350000	835.910000	1137
836.020000	836.120000	1138
836.230000	836.440000	1139
836.560000	837.040000	1140
837.340000	837.360000	1141
837.480000	837.520000	1142
837.710000	837.970000	1143
838.090000	838.380000	1144
839.050000	839.430000	1145
839.630000	840.040000	1146
840.200000	840.420000	1147
840.740000	840.840000	1148
842.440000	842.900000	1149
844.050000	844.310000	1150
844.440000	845.130000	1151
845.420000	846.030000	1152
847.980000	848.150000	1153
849.220000	849.690000	1154
849.810000	849.960000	1155
850.160000	850.670000	1156
853.390000	853.510000	1157
853.680000	854.210000	1158
854.460000	855.220000	1159
855.360000	855.410000	1160
855.530000	855.840000	1161
856.170000	856.930000	1162
858.420000	858.680000	1163
858.790000	858.990000	1164
859.900000	861.010000	1165
862.300000	862.750000	1166
862.880000	863.040000	1167
863.950000	864.230000	1168
865.070000	865.330000	1169
866.000000	866.330000	1170
866.750000	867.000000	1171
867.240000	867.470000	1172
867.970000	868.980000	1173
869.230000	870.330000	1174
870.490000	871.120000	1175
871.780000	871.920000	1176
872.170000	872.350000	1177
872.460000	872.480000	1178
872.640000	872.650000	1179
873.150000	873.730000	1180
874.100000	874.590000	1181
875.060000	875.310000	1182
875.740000	875.900000	1183
876.010000	876.270000	1184
877.250000	877.290000	1185
877.410000	877.610000	1186
878.440000	879.460000	1187
879.660000	880.220000	1188
880.530000	881.500000	1189
881.650000	881.910000	1190
882.020000	882.160000	1191
882.300000	882.970000	1192
885.110000	885.520000	1193
885.680000	885.900000	1194
886.070000	886.520000	1195
886.690000	886.920000	1196
887.040000	887.220000	1197
887.500000	889.280000	1198
889.390000	889.520000	1199
889.690000	890.070000	1200
890.280000	891.770000	1201
891.880000	891.990000	1202
892.550000	892.630000	1203
892.810000	892.980000	1204
893.770000	894.050000	1205
894.250000	894.440000	1206
894.580000	894.670000	1207
894.810000	894.860000	1208
894.980000	895.120000	1209
896.080000	896.160000	1210
896.360000	896.550000	1211
896.850000	897.210000	1212
897.450000	897.580000	1213
898.750000	898.860000	1214
899.080000	899.340000	1215
899.830000	900.260000	1216
901.340000	901.990000	1217
902.200000	903.700000	1218
903.840000	904.270000	1219
905.190000	905.620000	1220
905.760000	905.920000	1221
906.130000	906.400000	1222
906.520000	906.560000	1223
907.010000	907.290000	1224
907.500000	907.510000	1225
908.510000	908.680000	1226
909.070000	910.310000	1227
910.860000	911.300000	1228
911.440000	912.160000	1229
912.280000	912.460000	1230
913.320000	913.670000	1231
913.990000	914.160000	1232
914.410000	914.490000	1233
914.610000	914.850000	1234
915.600000	915.640000	1235
915.760000	916.410000	1236
916.700000	916.940000	1237
917.060000	917.350000	1238
917.470000	917.520000	1239
918.030000	918.610000	1240
918.730000	918.950000	1241
920.530000	920.550000	1242
920.830000	920.970000	1243
921.250000	921.580000	1244
922.780000	923.200000	1245
923.440000	923.580000	1246
923.850000	924.200000	1247
924.980000	925.280000	1248
926.070000	926.340000	1249
927.130000	927.440000	1250
928.100000	928.520000	1251
928.810000	929.040000	1252
929.160000	929.360000	1253
930.450000	930.970000	1254
931.080000	933.200000	1255
933.310000	933.460000	1256
933.570000	934.240000	1257
934.800000	935.890000	1258
936.340000	936.680000	1259
936.790000	937.140000	1260
937.280000	937.350000	1261
937.490000	937.630000	1262
938.330000	938.960000	1263
939.470000	940.550000	1264
942.300000	942.590000	1265
942.700000	942.810000	1266
943.510000	943.620000	1267
943.870000	944.110000	1268
944.500000	945.210000	1269
945.460000	945.840000	1270
946.010000	946.070000	1271
947.390000	947.400000	1272
947.890000	947.900000	1273
948.170000	948.320000	1274
948.450000	948.700000	1275
950.050000	950.880000	1276
951.910000	951.960000	1277
952.070000	952.180000	1278
952.300000	952.420000	1279
952.530000	953.060000	1280
953.200000	953.240000	1281
953.410000	953.550000	1282
954.730000	954.860000	1283
955.130000	955.170000	1284
955.500000	955.510000	1285
955.810000	957.200000	1286
957.760000	958.430000	1287
958.550000	958.860000	1288
960.070000	960.140000	1289
960.260000	960.460000	1290
961.570000	962.650000	1291
963.480000	963.660000	1292
963.790000	964.640000	1293
964.760000	965.980000	1294
966.380000	967.130000	1295
967.310000	967.470000	1296
968.560000	968.610000	1297
968.780000	968.880000	1298
969.010000	969.100000	1299
970.010000	970.350000	1300
970.530000	970.630000	1301
970.770000	970.900000	1302
972.090000	972.180000	1303
972.340000	972.630000	1304
973.440000	973.680000	1305
974.420000	974.730000	1306
975.450000	975.700000	1307
976.250000	977.500000	1308
977.630000	979.660000	1309
980.030000	980.470000	1310
980.590000	980.890000	1311
981.290000	982.180000	1312
982.310000	982.570000	1313
983.200000	984.450000	1314
985.270000	985.850000	1315
986.100000	986.670000	1316
986.780000	986.910000	1317
987.070000	987.400000	1318
988.600000	988.730000	1319
988.850000	989.010000	1320
989.170000	989.350000	1321
989.470000	989.850000	1322
991.010000	992.010000	1323
992.740000	993.090000	1324
993.210000	993.260000	1325
994.370000	994.710000	1326
995.560000	995.890000	1327
996.800000	997.610000	1328
997.720000	998.100000	1329
998.780000	999.070000	1330
999.180000	999.550000	1331
999.700000	999.990000	1332
1000.170000	1000.310000	1333
1000.450000	1001.150000	1334
1001.780000	1002.560000	1335
1002.670000	1003.290000	1336
1003.550000	1004.560000	1337
1007.050000	1007.320000	1338
1007.580000	1007.750000	1339
1007.950000	1008.000000	1340
1009.930000	1010.640000	1341
1011.640000	1013.610000	1342
1014.550000	1015.090000	1343
1016.120000	1016.230000	1344
1016.360000	1016.780000	1345
1016.940000	1017.020000	1346
1017.210000	1017.990000	1347
1018.570000	1019.030000	1348
1019.160000	1019.320000	1349
1019.430000	1019.710000	1350
1021.680000	1022.780000	1351
1022.950000	1023.260000	1352
1024.090000	1024.360000	1353
1025.200000	1025.480000	1354
1026.400000	1026.660000	1355
1027.270000	1027.740000	1356
1028.270000	1028.310000	1357
1028.440000	1029.050000	1358
1029.520000	1029.920000	1359
1030.080000	1031.010000	1360
0.050000	0.600000	1
0.790000	3.250000	2
3.390000	3.530000	3
3.720000	6.520000	4
6.850000	9.270000	5
9.530000	10.120000	6
10.250000	10.490000	7
10.600000	10.870000	8
11.160000	11.900000	9
12.030000	13.170000	10
13.450000	14.600000	11
15.090000	15.500000	12
15.890000	17.420000	13
17.530000	18.070000	14
18.340000	19.720000	15
19.840000	20.440000	16
20.750000	22.320000	17
22.780000	23.280000	18
23.430000	24.550000	19
24.680000	25.230000	20
25.580000	26.910000	21
27.220000	28.120000	22
28.230000	29.860000	23
30.180000	31.810000	24
32.110000	33.470000	25
34.140000	35.810000	26
36.060000	36.700000	27
36.810000	37.690000	28
37.950000	38.700000	29
39.020000	39.360000	30
39.480000	39.950000	31
40.060000	40.640000	32
41.020000	41.720000	33
41.930000	44.030000	34
44.240000	44.450000	35
44.740000	50.210000	36
50.450000	50.640000	37
51.130000	51.260000	38
51.390000	51.560000	39
51.850000	51.950000	40
52.070000	53.100000	41
53.430000	53.680000	42
53.910000	55.370000	43
55.600000	56.400000	44
56.930000	58.310000	45
58.480000	58.560000	46
58.700000	59.310000	47
59.450000	59.800000	48
59.960000	60.500000	49
60.610000	60.790000	50
60.930000	61.430000	51
61.540000	62.510000	52
63.650000	64.310000	53
64.480000	64.640000	54
64.750000	65.080000	55
65.190000	65.500000	56
65.640000	66.020000	57
66.160000	66.760000	58
66.870000	67.120000	59
67.270000	67.570000	60
67.680000	68.750000	61
69.090000	70.490000	62
70.700000	71.040000	63
71.150000	71.490000	64
71.890000	72.830000	65
73.530000	74.310000	66
74.470000	75.070000	67
75.180000	75.890000	68
76.120000	77.090000	69
77.210000	78.220000	70
78.500000	79.460000	71
79.720000	81.290000	72
82.230000	83.500000	73
84.030000	86.940000	74
87.060000	87.680000	75
89.030000	89.600000	76
90.080000	90.610000	77
91.550000	91.760000	78
91.880000	93.640000	79
93.770000	94.280000	80
94.400000	94.990000	81
95.370000	95.510000	82
95.670000	96.180000	83
96.940000	97.420000	84
98.130000	98.640000	85
98.760000	98.770000	86
99.350000	99.920000	87
100.260000	100.670000	88
100.840000	101.700000	89
101.850000	103.020000	90
103.170000	103.300000	91
103.420000	104.650000	92
104.860000	104.870000	93
105.140000	105.420000	94
105.740000	107.980000	95
108.290000	108.300000	96
108.940000	109.480000	97
109.880000	109.990000	98
110.100000	110.290000	99
110.880000	111.070000	100
111.410000	111.430000	101
111.620000	111.810000	102
112.000000	113.930000	103
114.080000	114.880000	104
115.010000	116.090000	105
116.580000	117.180000	106
117.360000	117.660000	107
118.320000	119.870000	108
120.750000	121.600000	109
122.150000	122.460000	110
122.760000	123.420000	111
123.580000	124.410000	112
124.550000	124.940000	113
125.060000	125.270000	114
125.380000	126.110000	115
126.250000	126.300000	116
126.440000	126.910000	117
127.440000	128.450000	118
128.630000	129.080000	119
129.200000	129.560000	120
130.310000	131.210000	121
131.640000	131.710000	122
131.860000	132.340000	123
132.490000	133.390000	124
133.870000	135.470000	125
135.610000	136.230000	126
137.020000	138.160000	127
138.270000	139.470000	128
139.960000	140.710000	129
141.180000	142.250000	130
142.370000	143.540000	131
144.000000	144.870000	132
145.020000	145.180000	133
145.290000	146.040000	134
146.800000	147.560000	135
147.720000	149.280000	136
149.390000	149.420000	137
150.230000	150.880000	138
151.340000	152.020000	139
152.620000	154.340000	140
155.160000	156.320000	141
156.430000	156.650000	142
156.770000	157.420000	143
158.820000	159.320000	144
159.440000	159.510000	145
160.800000	161.460000	146
162.820000	162.850000	147
163.010000	163.080000	148
163.280000	163.770000	149
163.890000	164.610000	150
164.730000	164.960000	151
166.130000	166.340000	152
166.560000	166.990000	153
167.790000	168.210000	154
169.060000	169.520000	155
170.300000	170.910000	156
171.060000	171.470000	157
171.670000	172.650000	158
172.960000	174.300000	159
174.440000	174.620000	160
175.190000	175.200000	161
175.780000	176.590000	162
176.750000	177.160000	163
178.050000	178.990000	164
179.120000	179.210000	165
179.340000	180.040000	166
180.570000	181.190000	167
181.540000	183.580000	168
183.720000	185.160000	169
185.310000	186.170000	170
186.850000	188.310000	171
188.680000	189.090000	172
189.420000	189.610000	173
189.930000	190.930000	174
191.070000	192.390000	175
192.620000	193.010000	176
193.160000	194.340000	177
194.710000	196.040000	178
196.160000	197.770000	179
198.080000	198.650000	180
198.790000	199.080000	181
199.200000	200.050000	182
200.510000	201.440000	183
201.560000	202.220000	184
202.360000	202.400000	185
202.980000	203.190000	186
203.350000	203.360000	187
203.970000	205.090000	188
205.220000	205.910000	189
207.730000	208.480000	190
208.620000	208.710000	191
208.820000	208.830000	192
208.950000	211.460000	193
211.980000	212.650000	194
212.870000	213.520000	195
215.390000	215.610000	196
215.750000	219.650000	197
219.960000	220.870000	198
221.400000	221.460000	199
221.670000	222.000000	200
222.130000	223.140000	201
223.360000	223.560000	202
223.720000	223.750000	203
225.250000	227.200000	204
228.530000	228.850000	205
228.990000	229.080000	206
229.240000	229.670000	207
230.710000	232.210000	208
232.970000	232.980000	209
233.190000	234.010000	210
234.120000	234.710000	211
234.920000	235.480000	212
236.050000	237.250000	213
237.560000	237.630000	214
238.110000	238.420000	215
239.310000	239.550000	216
239.770000	241.010000	217
241.410000	242.040000	218
242.150000	242.990000	219
243.100000	243.410000	220
243.540000	244.040000	221
244.810000	245.490000	222
245.620000	245.680000	223
245.810000	246.710000	224
247.040000	247.880000	225
248.040000	249.150000	226
249.760000	250.060000	227
250.180000	250.510000	228
250.660000	250.720000	229
250.920000	251.080000	230
251.490000	252.020000	231
252.540000	253.310000	232
253.420000	253.540000	233
254.090000	254.100000	234
254.260000	254.660000	235
255.330000	255.700000	236
256.360000	256.730000	237
257.520000	257.830000	238
258.330000	258.910000	239
259.050000	259.530000	240
260.070000	260.670000	241
260.810000	261.110000	242
261.600000	261.720000	243
261.960000	263.770000	244
264.140000	264.800000	245
264.940000	265.280000	246
265.720000	270.280000	247
270.580000	270.590000	248
270.890000	271.490000	249
271.690000	272.430000	250
272.820000	273.820000	251
274.130000	276.370000	252
276.560000	276.990000	253
277.440000	277.610000	254
277.900000	281.210000	255
281.400000	281.920000	256
282.060000	282.650000	257
283.070000	283.580000	258
283.730000	284.120000	259
284.640000	285.260000	260
286.420000	287.740000	261
287.880000	288.260000	262
288.650000	290.150000	263
290.410000	291.060000	264
291.170000	291.490000	265
291.610000	291.690000	266
291.840000	292.290000	267
292.830000	293.100000	268
293.540000	293.950000	269
294.100000	295.420000	270
296.330000	296.470000	271
296.600000	296.890000	272
297.010000	297.500000	273
297.730000	298.390000	274
298.860000	299.170000	275
299.340000	299.970000	276
300.130000	301.070000	277
301.530000	302.920000	278
303.070000	304.770000	279
304.880000	305.830000	280
306.330000	306.460000	281
306.590000	307.030000	282
307.320000	307.780000	283
308.010000	311.230000	284
311.380000	311.610000	285
312.010000	313.670000	286
313.810000	314.140000	287
315.130000	315.300000	288
315.410000	315.510000	289
315.670000	316.010000	290
316.210000	316.530000	291
316.710000	317.400000	292
319.750000	319.920000	293
320.090000	320.500000	294
321.150000	321.540000	295
322.080000	322.450000	296
323.060000	323.400000	297
323.530000	324.330000	298
324.520000	324.930000	299
325.460000	327.590000	300
328.220000	331.340000	301
331.460000	331.700000	302
331.810000	332.000000	303
332.230000	333.440000	304
333.570000	334.550000	305
334.710000	336.110000	306
337.310000	337.430000	307
337.760000	337.780000	308
338.130000	339.300000	309
339.410000	339.640000	310
339.790000	341.030000	311
342.390000	342.550000	312
343.080000	344.600000	313
344.760000	346.980000	314
347.150000	347.400000	315
348.460000	350.760000	316
350.880000	351.670000	317
351.790000	353.420000	318
353.570000	353.590000	319
353.710000	353.970000	320
354.110000	354.280000	321
354.390000	354.600000	322
355.140000	355.640000	323
355.760000	356.790000	324
357.230000	357.810000	325
358.190000	358.420000	326
358.550000	358.800000	327
359.650000	360.410000	328
360.650000	363.480000	329
363.950000	365.000000	330
366.230000	366.260000	331
366.370000	366.550000	332
367.060000	368.050000	333
368.270000	368.690000	334
369.040000	369.580000	335
370.820000	372.070000	336
372.700000	372.870000	337
373.030000	373.130000	338
373.270000	374.160000	339
374.270000	374.860000	340
375.600000	375.690000	341
375.910000	376.380000	342
377.410000	378.020000	343
378.900000	379.200000	344
379.360000	379.840000	345
380.610000	381.100000	346
381.710000	383.030000	347
383.220000	383.630000	348
384.120000	385.560000	349
386.180000	390.360000	350
390.570000	391.960000	351
392.390000	394.910000	352
395.330000	396.130000	353
396.540000	396.940000	354
397.120000	398.720000	355
398.830000	399.390000	356
399.630000	401.370000	357
401.760000	402.410000	358
402.660000	402.850000	359
402.970000	405.280000	360
405.480000	405.600000	361
405.710000	406.550000	362
406.670000	407.030000	363
407.630000	407.910000	364
408.040000	409.630000	365
410.240000	411.150000	366
411.580000	412.390000	367
412.630000	412.790000	368
412.900000	413.570000	369
413.730000	414.020000	370
414.670000	415.680000	371
416.600000	417.420000	372
417.580000	417.830000	373
418.690000	419.280000	374
419.400000	419.900000	375
420.050000	420.060000	376
420.650000	422.190000	377
423.230000	423.670000	378
423.820000	424.680000	379
425.660000	427.080000	380
427.290000	428.300000	381
428.470000	428.850000	382
430.410000	430.450000	383
430.570000	433.930000	384
434.040000	434.850000	385
435.050000	436.420000	386
436.600000	437.360000	387
438.240000	438.430000	388
439.110000	441.540000	389
441.720000	442.560000	390
442.670000	443.170000	391
444.180000	447.570000	392
447.720000	448.710000	393
449.090000	449.290000	394
449.430000	449.800000	395
450.540000	450.960000	396
451.650000	452.020000	397
452.710000	453.130000	398
453.490000	454.040000	399
454.410000	455.530000	400
456.250000	458.060000	401
458.170000	458.330000	402
458.450000	458.820000	403
459.280000	459.310000	404
459.610000	460.580000	405
460.720000	461.100000	406
461.750000	462.470000	407
462.840000	463.190000	408
463.350000	463.960000	409
464.150000	464.970000	410
465.080000	466.340000	411
466.470000	466.520000	412
467.220000	467.290000	413
467.400000	468.870000	414
469.380000	469.440000	415
469.570000	470.480000	416
471.110000	472.200000	417
472.770000	474.160000	418
474.830000	475.410000	419
475.550000	475.800000	420
476.620000	477.110000	421
477.250000	477.280000	422
477.400000	478.780000	423
479.320000	480.230000	424
480.360000	480.390000	425
480.640000	480.930000	426
481.040000	481.140000	427
482.160000	482.310000	428
482.460000	482.680000	429
482.790000	482.840000	430
484.270000	484.360000	431
484.470000	486.330000	432
487.260000	489.070000	433
489.540000	489.760000	434
489.900000	490.450000	435
490.560000	491.550000	436
491.680000	492.230000	437
492.810000	494.210000	438
494.670000	497.500000	439
497.970000	498.930000	440
499.040000	499.090000	441
499.210000	499.280000	442
499.410000	499.450000	443
500.680000	501.270000	444
501.600000	502.590000	445
503.590000	504.620000	446
504.820000	505.040000	447
505.170000	506.490000	448
506.820000	507.150000	449
507.280000	508.980000	450
510.230000	510.520000	451
511.590000	511.950000	452
512.660000	513.070000	453
513.220000	514.430000	454
515.200000	516.160000	455
516.490000	517.120000	456
517.500000	519.430000	457
520.010000	520.570000	458
520.680000	521.830000	459
521.960000	522.130000	460
522.710000	522.950000	461
523.330000	523.340000	462
523.660000	525.870000	463
526.330000	527.020000	464
527.140000	527.820000	465
528.480000	530.040000	466
530.520000	531.260000	467
531.370000	531.670000	468
531.850000	531.960000	469
532.590000	536.820000	470
537.320000	537.700000	471
537.830000	538.370000	472
538.540000	540.300000	473
541.950000	543.560000	474
543.670000	544.610000	475
545.140000	546.260000	476
546.390000	546.410000	477
546.880000	548.070000	478
548.660000	549.260000	479
549.780000	551.730000	480
552.210000	553.580000	481
554.390000	555.640000	482
555.820000	556.120000	483
556.270000	556.460000	484
556.600000	556.710000	485
556.840000	557.010000	486
558.510000	558.620000	487
558.780000	558.960000	488
559.070000	559.570000	489
560.240000	561.560000	490
562.090000	563.170000	491
563.400000	563.960000	492
564.770000	565.260000	493
565.370000	566.060000	494
567.640000	567.750000	495
567.950000	569.350000	496
570.210000	571.150000	497
571.260000	572.030000	498
572.620000	573.170000	499
573.300000	573.640000	500
574.870000	575.000000	501
575.190000	575.370000	502
575.870000	577.610000	503
578.640000	578.830000	504
579.020000	579.370000	505
580.160000	580.500000	506
581.220000	581.820000	507
582.000000	582.470000	508
582.830000	583.890000	509
584.230000	585.030000	510
585.280000	585.370000	511
585.480000	585.960000	512
586.110000	586.300000	513
586.430000	588.050000	514
589.350000	590.200000	515
590.340000	592.230000	516
592.470000	592.930000	517
593.240000	594.760000	518
594.890000	595.540000	519
595.950000	596.690000	520
596.820000	597.520000	521
597.630000	597.930000	522
598.540000	599.230000	523
599.370000	599.650000	524
599.760000	600.040000	525
600.170000	600.380000	526
601.620000	602.090000	527
602.210000	603.130000	528
603.240000	605.170000	529
605.480000	606.710000	530
607.480000	608.410000	531
608.550000	610.010000	532
610.130000	610.920000	533
611.610000	613.130000	534
613.300000	614.490000	535
614.620000	614.880000	536
615.050000	615.500000	537
615.650000	615.750000	538
615.900000	616.010000	539
616.720000	620.430000	540
620.780000	621.220000	541
621.450000	622.160000	542
622.320000	623.910000	543
624.080000	625.020000	544
625.140000	627.860000	545
628.190000	630.110000	546
630.530000	630.780000	547
630.910000	630.990000	548
631.240000	631.740000	549
631.920000	632.760000	550
633.010000	633.640000	551
634.000000	634.770000	552
635.500000	635.690000	553
635.830000	636.560000	554
636.690000	637.330000	555
637.920000	639.270000	556
639.390000	639.900000	557
640.290000	641.120000	558
641.260000	641.280000	559
641.900000	642.620000	560
642.740000	642.920000	561
643.120000	643.890000	562
644.640000	644.880000	563
644.990000	645.230000	564
645.390000	645.900000	565
646.010000	646.150000	566
646.340000	647.260000	567
647.370000	647.550000	568
648.390000	649.330000	569
649.710000	650.370000	570
650.580000	650.700000	571
651.060000	651.400000	572
652.990000	653.740000	573
653.880000	654.350000	574
654.510000	654.860000	575
655.590000	655.960000	576
656.550000	656.880000	577
657.610000	657.910000	578
658.370000	658.800000	579
658.940000	659.850000	580
659.990000	660.770000	581
661.360000	662.480000	582
662.630000	663.820000	583
663.990000	664.070000	584
664.180000	665.000000	585
665.110000	665.140000	586
665.350000	665.520000	587
665.630000	666.300000	588
667.490000	667.500000	589
668.190000	668.930000	590
669.050000	669.590000	591
670.380000	671.290000	592
671.430000	671.760000	593
672.310000	673.410000	594
673.540000	673.990000	595
674.640000	675.020000	596
675.930000	676.100000	597
676.230000	676.440000	598
676.580000	678.670000	599
678.780000	679.880000	600
680.430000	680.860000	601
680.980000	681.200000	602
681.370000	682.670000	603
682.850000	683.110000	604
685.210000	685.870000	605
686.000000	686.490000	606
687.490000	687.650000	607
687.980000	688.060000	608
688.400000	688.970000	609
689.130000	689.140000	610
689.370000	689.560000	611
689.680000	690.410000	612
690.520000	691.020000	613
691.270000	691.380000	614
691.530000	691.640000	615
691.750000	691.930000	616
693.310000	695.490000	617
695.610000	695.890000	618
696.030000	696.340000	619
697.510000	697.730000	620
698.180000	698.670000	621
698.810000	698.840000	622
700.510000	700.520000	623
700.720000	700.940000	624
701.060000	702.000000	625
702.260000	702.360000	626
702.470000	703.000000	627
703.680000	704.810000	628
705.850000	706.500000	629
706.640000	706.930000	630
707.680000	708.000000	631
708.750000	709.150000	632
710.010000	710.380000	633
710.990000	711.530000	634
711.680000	711.740000	635
711.940000	713.660000	636
714.030000	714.040000	637
714.190000	714.210000	638
714.600000	716.610000	639
716.760000	718.280000	640
718.710000	719.930000	641
720.080000	720.960000	642
721.350000	721.560000	643
721.810000	722.240000	644
723.400000	724.040000	645
724.150000	724.930000	646
725.610000	726.350000	647
727.780000	729.120000	648
729.450000	730.150000	649
731.570000	732.680000	650
732.860000	733.420000	651
734.210000	734.370000	652
734.510000	734.740000	653
734.860000	734.890000	654
735.000000	736.450000	655
736.560000	737.310000	656
737.890000	738.150000	657
738.260000	738.560000	658
738.720000	738.760000	659
739.690000	740.460000	660
741.410000	741.600000	661
741.750000	741.990000	662
742.370000	744.610000	663
744.980000	747.120000	664
747.230000	747.420000	665
747.560000	747.620000	666
747.730000	747.830000	667
748.190000	748.290000	668
748.420000	748.630000	669
748.770000	749.040000	670
750.200000	750.840000	671
750.970000	751.380000	672
752.690000	752.700000	673
752.860000	753.640000	674
754.610000	755.350000	675
755.490000	755.570000	676
755.790000	755.860000	677
755.990000	756.270000	678
756.930000	756.980000	679
757.110000	757.120000	680
758.300000	759.280000	681
759.400000	759.440000	682
760.650000	760.920000	683
761.090000	761.340000	684
762.390000	762.930000	685
763.680000	764.030000	686
764.800000	766.030000	687
766.160000	769.300000	688
769.800000	773.330000	689
773.550000	774.190000	690
774.430000	774.440000	691
774.850000	775.350000	692
775.790000	776.670000	693
776.780000	776.830000	694
776.960000	777.300000	695
777.910000	779.000000	696
779.270000	780.560000	697
780.690000	780.870000	698
780.990000	781.830000	699
782.180000	782.960000	700
783.080000	783.210000	701
783.330000	783.960000	702
784.110000	784.210000	703
784.350000	784.740000	704
785.520000	785.570000	705
785.930000	786.160000	706
786.280000	786.370000	707
786.480000	786.650000	708
786.760000	786.830000	709
787.360000	787.540000	710
787.680000	788.080000	711
788.190000	788.320000	712
788.460000	788.630000	713
788.750000	788.930000	714
790.080000	790.190000	715
790.340000	790.530000	716
790.790000	790.920000	717
791.060000	791.540000	718
791.700000	793.400000	719
794.050000	794.160000	720
794.330000	794.460000	721
794.600000	794.710000	722
795.930000	797.150000	723
797.270000	798.520000	724
798.850000	799.080000	725
799.190000	799.860000	726
799.990000	800.040000	727
800.180000	800.690000	728
801.040000	801.440000	729
801.580000	802.000000	730
802.210000	803.220000	731
803.680000	804.750000	732
805.410000	805.980000	733
806.090000	806.830000	734
807.320000	809.100000	735
809.240000	809.290000	736
809.420000	809.550000	737
809.670000	810.120000	738
810.500000	811.010000	739
811.190000	812.370000	740
812.490000	813.130000	741
814.110000	814.460000	742
814.600000	814.930000	743
815.770000	816.040000	744
816.760000	817.140000	745
817.780000	818.120000	746
818.700000	819.130000	747
819.290000	820.600000	748
820.760000	821.280000	749
822.250000	824.860000	750
825.040000	825.460000	751
825.910000	826.080000	752
826.230000	827.640000	753
828.280000	828.730000	754
828.850000	829.390000	755
830.450000	831.730000	756
832.190000	832.750000	757
832.880000	834.940000	758
835.330000	837.220000	759
837.330000	838.400000	760
838.980000	839.440000	761
839.550000	840.060000	762
840.200000	840.850000	763
842.360000	842.920000	764
844.050000	845.170000	765
845.400000	846.050000	766
847.620000	847.730000	767
847.890000	848.280000	768
849.160000	850.000000	769
850.140000	850.750000	770
850.950000	850.960000	771
853.110000	853.270000	772
853.390000	853.530000	773
853.670000	854.240000	774
854.450000	855.230000	775
855.350000	856.940000	776
858.400000	859.000000	777
859.820000	861.040000	778
862.280000	862.770000	779
862.880000	863.140000	780
863.940000	864.250000	781
865.010000	865.360000	782
865.960000	866.390000	783
866.660000	867.540000	784
867.970000	869.030000	785
869.150000	871.180000	786
871.770000	872.000000	787
872.140000	872.770000	788
873.150000	873.740000	789
874.100000	874.610000	790
874.980000	875.340000	791
875.740000	876.290000	792
877.220000	878.180000	793
878.440000	880.230000	794
880.350000	882.170000	795
882.300000	882.980000	796
883.130000	883.140000	797
884.280000	884.430000	798
885.090000	886.520000	799
886.670000	892.020000	800
892.540000	892.690000	801
892.800000	893.000000	802
893.770000	894.140000	803
894.250000	894.680000	804
894.810000	895.140000	805
895.620000	895.650000	806
895.760000	895.800000	807
896.070000	896.190000	808
896.360000	896.590000	809
896.760000	897.220000	810
897.330000	897.650000	811
898.700000	898.880000	812
899.060000	899.480000	813
899.750000	900.410000	814
901.340000	904.530000	815
905.130000	905.640000	816
905.760000	905.950000	817
906.080000	906.660000	818
906.780000	906.840000	819
906.970000	907.330000	820
907.440000	907.540000	821
908.460000	908.750000	822
909.070000	910.340000	823
910.700000	912.650000	824
913.270000	914.210000	825
914.370000	914.930000	826
915.570000	916.540000	827
916.700000	917.550000	828
918.000000	918.610000	829
918.720000	919.020000	830
920.430000	920.580000	831
920.730000	921.100000	832
921.220000	921.620000	833
922.760000	923.320000	834
923.440000	923.630000	835
923.850000	924.250000	836
924.980000	925.310000	837
926.060000	926.370000	838
927.130000	927.460000	839
928.090000	928.580000	840
928.780000	929.390000	841
930.430000	934.260000	842
934.700000	935.900000	843
936.340000	937.360000	844
937.490000	937.740000	845
938.310000	938.980000	846
939.450000	940.650000	847
942.290000	942.900000	848
943.500000	944.240000	849
944.500000	945.230000	850
945.440000	945.860000	851
946.010000	946.160000	852
946.280000	946.310000	853
946.500000	946.540000	854
947.370000	947.760000	855
947.880000	948.340000	856
948.450000	948.730000	857
949.940000	950.900000	858
951.770000	953.270000	859
953.380000	953.610000	860
954.720000	954.890000	861
955.110000	955.620000	862
955.810000	957.220000	863
957.720000	958.910000	864
960.020000	960.150000	865
960.260000	960.560000	866
961.570000	962.690000	867
963.440000	963.670000	868
963.790000	966.000000	869
966.340000	967.490000	870
967.760000	967.770000	871
968.550000	968.890000	872
969.010000	969.250000	873
970.000000	970.910000	874
972.080000	972.200000	875
972.340000	972.690000	876
973.430000	973.690000	877
974.410000	974.770000	878
975.450000	975.720000	879
976.230000	977.510000	880
977.620000	979.680000	881
979.970000	981.000000	882
981.290000	982.650000	883
983.150000	984.460000	884
984.640000	984.650000	885
985.260000	985.930000	886
986.080000	987.440000	887
988.380000	988.390000	888
988.510000	989.030000	889
989.160000	989.860000	890
990.890000	992.020000	891
992.200000	992.210000	892
992.720000	993.370000	893
993.510000	993.600000	894
994.360000	994.860000	895
995.550000	996.090000	896
996.770000	998.180000	897
998.740000	1000.330000	898
1000.450000	1001.170000	899
1001.780000	1003.380000	900
1003.540000	1004.610000	901
1006.740000	1008.040000	902
1009.910000	1010.650000	903
1010.780000	1010.980000	904
1011.630000	1013.660000	905
1014.540000	1015.100000	906
1015.240000	1015.250000	907
1016.090000	1016.790000	908
1016.900000	1018.010000	909
1018.570000	1019.050000	910
1019.160000	1019.740000	911
1021.670000	1022.820000	912
1022.950000	1023.260000	913
1023.990000	1024.370000	914
1025.190000	1025.500000	915
1026.390000	1026.670000	916
1027.250000	1027.750000	917
1028.260000	1029.130000	918
1029.490000	1031.010000	919
0.020000	0.620000	1
0.790000	3.260000	2
3.390000	3.530000	3
3.720000	6.520000	4
6.840000	9.270000	5
9.530000	10.120000	6
10.250000	10.490000	7
10.600000	10.890000	8
11.160000	11.900000	9
12.030000	13.190000	10
13.450000	14.680000	11
15.090000	15.660000	12
15.890000	18.070000	13
18.230000	19.730000	14
19.840000	20.460000	15
20.740000	22.320000	16
22.780000	23.290000	17
23.430000	24.550000	18
24.680000	25.230000	19
25.580000	26.920000	20
27.220000	29.860000	21
30.180000	31.830000	22
32.110000	33.500000	23
34.140000	35.820000	24
36.050000	37.690000	25
37.950000	38.700000	26
39.020000	40.640000	27
41.020000	41.720000	28
41.930000	44.040000	29
44.240000	44.460000	30
44.740000	50.220000	31
50.450000	50.650000	32
51.130000	51.260000	33
51.390000	51.560000	34
51.840000	51.950000	35
52.060000	53.120000	36
53.430000	55.370000	37
55.560000	56.420000	38
56.930000	58.560000	39
58.700000	59.310000	40
59.450000	59.800000	41
59.960000	60.500000	42
60.610000	60.800000	43
60.930000	61.430000	44
61.540000	62.510000	45
63.650000	64.310000	46
64.470000	65.500000	47
65.640000	66.020000	48
66.160000	67.570000	49
67.680000	68.750000	50
69.090000	70.490000	51
70.700000	71.490000	52
71.890000	72.830000	53
73.530000	74.310000	54
74.470000	75.900000	55
76.120000	77.090000	56
77.210000	78.220000	57
78.490000	79.460000	58
79.720000	81.300000	59
82.220000	83.520000	60
84.030000	86.940000	61
87.050000	87.680000	62
89.030000	89.720000	63
90.080000	90.620000	64
90.840000	90.850000	65
91.550000	91.760000	66
91.880000	93.640000	67
93.770000	94.990000	68
95.370000	95.520000	69
95.670000	96.190000	70
96.890000	97.450000	71
97.830000	97.840000	72
98.130000	98.640000	73
98.760000	98.770000	74
99.230000	99.920000	75
100.170000	100.670000	76
100.830000	101.720000	77
101.830000	103.310000	78
103.420000	104.660000	79
104.860000	104.870000	80
105.140000	105.460000	81
105.740000	107.980000	82
108.140000	108.150000	83
108.290000	108.310000	84
108.850000	109.480000	85
109.850000	110.290000	86
110.880000	111.080000	87
111.400000	111.430000	88
111.620000	111.880000	89
112.000000	113.940000	90
114.080000	116.100000	91
116.580000	117.200000	92
117.360000	117.680000	93
118.320000	119.900000	94
120.750000	121.740000	95
122.140000	122.470000	96
122.670000	123.430000	97
123.570000	124.940000	98
125.050000	126.120000	99
126.250000	126.320000	100
126.430000	126.920000	101
127.420000	128.460000	102
128.610000	129.090000	103
129.200000	129.570000	104
130.210000	131.210000	105
131.640000	131.710000	106
131.860000	133.390000	107
133.870000	135.490000	108
135.610000	136.240000	109
137.010000	139.480000	110
139.950000	140.710000	111
141.180000	142.260000	112
142.370000	143.540000	113
144.000000	144.880000	114
145.020000	146.070000	115
146.800000	147.580000	116
147.720000	149.450000	117
150.220000	150.890000	118
151.090000	151.100000	119
151.340000	152.030000	120
152.600000	154.470000	121
155.150000	156.650000	122
156.770000	157.440000	123
158.800000	159.550000	124
160.790000	161.500000	125
162.810000	162.860000	126
163.000000	163.090000	127
163.280000	164.620000	128
164.730000	164.990000	129
166.130000	166.350000	130
166.560000	167.000000	131
167.790000	168.210000	132
169.050000	169.530000	133
170.290000	170.920000	134
171.050000	172.710000	135
172.820000	172.840000	136
172.960000	174.630000	137
175.190000	175.200000	138
175.760000	177.170000	139
177.980000	179.000000	140
179.120000	179.210000	141
179.340000	180.040000	142
180.320000	180.340000	143
180.570000	181.270000	144
181.530000	185.160000	145
185.300000	186.210000	146
186.550000	186.560000	147
186.850000	188.310000	148
188.680000	189.090000	149
189.420000	189.610000	150
189.900000	190.940000	151
191.060000	192.390000	152
192.510000	193.010000	153
193.160000	194.350000	154
194.700000	196.050000	155
196.160000	197.770000	156
198.080000	198.650000	157
198.790000	199.090000	158
199.200000	200.050000	159
200.510000	201.440000	160
201.560000	202.230000	161
202.340000	202.440000	162
202.970000	203.200000	163
203.320000	203.360000	164
203.600000	203.610000	165
203.880000	205.090000	166
205.220000	205.910000	167
207.720000	208.480000	168
208.600000	208.830000	169
208.950000	211.460000	170
211.970000	212.650000	171
212.850000	213.530000	172
215.390000	215.610000	173
215.740000	219.660000	174
219.960000	220.890000	175
221.390000	221.470000	176
221.670000	222.010000	177
222.130000	223.570000	178
223.700000	223.810000	179
225.250000	227.280000	180
228.520000	228.850000	181
228.970000	229.090000	182
229.240000	229.690000	183
229.810000	229.820000	184
230.710000	232.220000	185
232.970000	232.980000	186
233.170000	234.710000	187
234.920000	235.490000	188
236.040000	237.270000	189
237.490000	237.640000	190
238.110000	238.420000	191
239.310000	239.550000	192
239.770000	241.010000	193
241.410000	242.040000	194
242.150000	243.430000	195
243.540000	244.060000	196
244.810000	246.870000	197
247.040000	247.880000	198
248.040000	249.170000	199
249.760000	250.720000	200
250.920000	251.090000	201
251.250000	251.260000	202
251.480000	252.050000	203
252.540000	253.550000	204
254.080000	254.100000	205
254.260000	254.670000	206
255.330000	255.720000	207
256.360000	256.740000	208
257.450000	257.830000	209
258.320000	258.910000	210
259.040000	259.640000	211
260.040000	260.680000	212
260.800000	261.120000	213
261.600000	261.720000	214
261.950000	263.780000	215
264.140000	264.800000	216
264.940000	265.290000	217
265.720000	270.290000	218
270.580000	270.590000	219
270.890000	271.560000	220
271.690000	272.440000	221
272.820000	273.840000	222
274.130000	276.370000	223
276.530000	277.010000	224
277.440000	277.620000	225
277.900000	281.230000	226
281.400000	281.930000	227
282.060000	282.650000	228
283.070000	283.580000	229
283.730000	284.120000	230
284.640000	285.290000	231
286.420000	287.760000	232
287.880000	288.270000	233
288.630000	290.160000	234
290.400000	291.490000	235
291.600000	292.290000	236
292.820000	293.110000	237
293.530000	295.440000	238
296.330000	296.480000	239
296.600000	296.900000	240
297.010000	297.530000	241
297.730000	298.400000	242
298.830000	299.970000	243
300.120000	301.070000	244
301.530000	302.920000	245
303.070000	304.770000	246
304.880000	305.830000	247
306.330000	306.460000	248
306.580000	307.050000	249
307.320000	307.790000	250
307.900000	311.240000	251
311.380000	311.680000	252
312.010000	313.670000	253
313.810000	314.140000	254
315.130000	315.550000	255
315.670000	316.080000	256
316.210000	317.400000	257
317.550000	317.590000	258
319.740000	319.920000	259
320.090000	320.500000	260
321.150000	321.580000	261
322.080000	322.450000	262
322.970000	323.400000	263
323.520000	324.400000	264
324.510000	324.930000	265
325.450000	327.590000	266
328.210000	332.020000	267
332.230000	333.440000	268
333.570000	334.560000	269
334.700000	336.120000	270
337.310000	337.530000	271
337.760000	337.780000	272
338.130000	339.640000	273
339.790000	341.030000	274
341.520000	341.530000	275
342.390000	342.560000	276
343.080000	344.620000	277
344.730000	346.980000	278
347.150000	347.440000	279
348.450000	353.430000	280
353.570000	353.590000	281
353.700000	353.970000	282
354.110000	354.280000	283
354.390000	354.600000	284
355.140000	356.850000	285
357.230000	357.820000	286
358.110000	358.430000	287
358.550000	358.810000	288
359.640000	360.430000	289
360.570000	363.480000	290
363.950000	365.010000	291
366.220000	366.260000	292
366.370000	366.560000	293
367.000000	368.060000	294
368.270000	368.700000	295
369.040000	369.580000	296
370.790000	372.080000	297
372.700000	372.880000	298
373.030000	373.130000	299
373.260000	374.880000	300
375.600000	375.770000	301
375.910000	376.450000	302
377.410000	378.150000	303
378.890000	379.220000	304
379.360000	379.900000	305
380.600000	381.100000	306
381.710000	383.040000	307
383.190000	383.670000	308
384.120000	385.570000	309
386.180000	390.360000	310
390.570000	391.960000	311
392.390000	394.920000	312
395.330000	396.130000	313
396.430000	399.410000	314
399.610000	401.370000	315
401.760000	402.410000	316
402.660000	402.860000	317
402.970000	405.290000	318
405.470000	406.550000	319
406.670000	407.040000	320
407.630000	409.630000	321
410.230000	411.150000	322
411.580000	412.460000	323
412.630000	414.040000	324
414.660000	415.760000	325
416.600000	417.420000	326
417.570000	417.830000	327
418.690000	419.280000	328
419.400000	419.900000	329
420.050000	420.060000	330
420.650000	422.230000	331
422.430000	422.440000	332
423.230000	423.670000	333
423.790000	424.690000	334
425.660000	427.080000	335
427.290000	428.300000	336
428.470000	428.850000	337
430.410000	430.450000	338
430.560000	433.930000	339
434.040000	434.850000	340
435.050000	436.440000	341
436.600000	437.390000	342
438.240000	438.440000	343
439.110000	441.550000	344
441.700000	442.560000	345
442.670000	443.190000	346
444.170000	448.710000	347
449.090000	449.300000	348
449.430000	449.810000	349
450.540000	450.990000	350
451.650000	452.030000	351
452.700000	453.130000	352
453.490000	454.170000	353
454.410000	455.540000	354
456.240000	458.330000	355
458.450000	458.840000	356
459.280000	459.380000	357
459.610000	460.590000	358
460.710000	461.120000	359
461.750000	462.470000	360
462.840000	463.200000	361
463.350000	463.970000	362
464.140000	464.970000	363
465.080000	466.340000	364
466.460000	466.620000	365
467.210000	468.890000	366
469.380000	469.450000	367
469.570000	470.500000	368
471.090000	472.200000	369
472.760000	474.180000	370
474.830000	475.810000	371
476.560000	477.120000	372
477.240000	478.820000	373
479.200000	480.390000	374
480.630000	481.200000	375
482.150000	482.840000	376
484.260000	486.330000	377
487.260000	489.070000	378
489.540000	489.770000	379
489.880000	492.250000	380
492.810000	494.220000	381
494.670000	497.500000	382
497.970000	499.100000	383
499.210000	499.450000	384
499.640000	499.670000	385
500.680000	501.270000	386
501.600000	502.590000	387
503.580000	504.630000	388
504.820000	505.040000	389
505.170000	506.500000	390
506.820000	507.150000	391
507.280000	509.100000	392
510.230000	510.560000	393
511.560000	511.950000	394
512.640000	513.090000	395
513.220000	514.440000	396
514.600000	514.610000	397
515.200000	516.180000	398
516.490000	517.130000	399
517.500000	519.490000	400
520.010000	521.840000	401
521.960000	522.190000	402
522.690000	522.980000	403
523.270000	523.390000	404
523.660000	525.870000	405
526.160000	526.170000	406
526.330000	527.020000	407
527.140000	527.830000	408
528.470000	530.070000	409
530.520000	531.260000	410
531.370000	531.960000	411
532.590000	536.820000	412
537.320000	537.710000	413
537.820000	538.380000	414
538.510000	540.340000	415
541.310000	541.320000	416
541.950000	543.560000	417
543.670000	544.710000	418
545.140000	546.410000	419
546.880000	548.080000	420
548.190000	548.210000	421
548.660000	549.350000	422
549.780000	551.730000	423
552.190000	553.600000	424
553.710000	553.730000	425
554.380000	555.670000	426
555.820000	556.120000	427
556.270000	556.480000	428
556.600000	557.020000	429
557.820000	557.840000	430
558.490000	559.590000	431
560.240000	561.560000	432
562.090000	563.240000	433
563.400000	563.960000	434
564.760000	566.120000	435
567.640000	567.760000	436
567.950000	569.360000	437
570.210000	572.030000	438
572.610000	573.170000	439
573.300000	573.650000	440
574.620000	574.630000	441
574.860000	575.000000	442
575.190000	575.390000	443
575.860000	577.630000	444
578.640000	578.850000	445
579.020000	579.380000	446
580.140000	580.510000	447
581.220000	582.470000	448
582.820000	583.920000	449
584.230000	585.060000	450
585.280000	585.370000	451
585.480000	585.970000	452
586.100000	588.090000	453
589.350000	590.200000	454
590.320000	592.230000	455
592.430000	592.930000	456
593.240000	594.770000	457
594.880000	595.550000	458
595.900000	596.690000	459
596.820000	597.520000	460
597.630000	597.940000	461
598.540000	599.230000	462
599.370000	599.650000	463
599.760000	600.390000	464
601.620000	605.180000	465
605.470000	606.800000	466
607.480000	610.940000	467
611.600000	613.130000	468
613.300000	614.890000	469
615.050000	615.500000	470
615.650000	615.760000	471
615.900000	616.050000	472
616.710000	620.450000	473
620.780000	621.230000	474
621.450000	622.170000	475
622.320000	623.910000	476
624.070000	627.860000	477
628.190000	630.120000	478
630.530000	630.790000	479
630.910000	631.110000	480
631.230000	631.740000	481
631.920000	632.770000	482
633.010000	633.670000	483
634.000000	634.770000	484
635.500000	635.700000	485
635.830000	637.520000	486
637.920000	639.280000	487
639.390000	639.900000	488
640.290000	641.330000	489
641.860000	642.970000	490
643.120000	643.890000	491
644.210000	644.260000	492
644.630000	645.240000	493
645.380000	646.150000	494
646.330000	647.560000	495
648.370000	649.390000	496
649.710000	650.380000	497
650.580000	650.700000	498
651.060000	651.500000	499
651.650000	651.680000	500
652.990000	654.360000	501
654.510000	654.880000	502
655.590000	655.980000	503
656.550000	656.900000	504
657.580000	657.920000	505
658.370000	658.810000	506
658.930000	659.850000	507
659.990000	660.770000	508
661.360000	663.820000	509
663.990000	665.180000	510
665.310000	666.380000	511
667.490000	667.500000	512
668.190000	669.740000	513
670.380000	671.300000	514
671.430000	671.760000	515
671.930000	671.940000	516
672.300000	674.030000	517
674.640000	675.040000	518
675.930000	679.890000	519
680.420000	681.230000	520
681.370000	682.690000	521
682.840000	683.110000	522
684.810000	684.820000	523
685.210000	686.630000	524
687.490000	687.650000	525
687.970000	688.100000	526
688.330000	689.140000	527
689.360000	689.560000	528
689.680000	690.410000	529
690.520000	691.020000	530
691.270000	691.390000	531
691.530000	692.030000	532
693.300000	695.490000	533
695.610000	695.890000	534
696.030000	696.350000	535
697.510000	697.740000	536
698.180000	698.680000	537
698.810000	698.870000	538
700.510000	700.570000	539
700.720000	700.940000	540
701.060000	702.130000	541
702.260000	703.000000	542
703.680000	704.860000	543
705.850000	706.510000	544
706.640000	706.960000	545
707.670000	708.000000	546
708.750000	709.170000	547
709.970000	710.390000	548
710.980000	711.570000	549
711.680000	711.750000	550
711.940000	713.680000	551
713.940000	714.040000	552
714.190000	714.210000	553
714.600000	716.650000	554
716.760000	718.280000	555
718.710000	720.960000	556
721.260000	721.680000	557
721.810000	722.330000	558
723.400000	724.950000	559
725.610000	726.440000	560
727.740000	729.130000	561
729.280000	729.300000	562
729.440000	730.290000	563
731.560000	732.700000	564
732.840000	733.430000	565
734.200000	734.380000	566
734.510000	734.740000	567
734.850000	737.320000	568
737.850000	738.570000	569
738.720000	738.890000	570
739.010000	739.030000	571
739.680000	740.480000	572
741.410000	741.600000	573
741.750000	742.030000	574
742.370000	744.610000	575
744.780000	744.800000	576
744.980000	747.840000	577
748.120000	748.290000	578
748.420000	749.060000	579
750.200000	751.530000	580
752.690000	753.690000	581
754.610000	755.360000	582
755.470000	755.620000	583
755.790000	755.870000	584
755.980000	756.270000	585
756.930000	757.120000	586
758.300000	759.290000	587
759.400000	759.540000	588
760.650000	760.930000	589
761.090000	761.350000	590
762.390000	763.000000	591
763.620000	764.040000	592
764.800000	766.030000	593
766.150000	769.310000	594
769.790000	773.360000	595
773.530000	774.200000	596
774.430000	774.450000	597
774.830000	775.350000	598
775.780000	777.390000	599
777.910000	779.010000	600
779.270000	780.560000	601
780.680000	780.880000	602
780.990000	781.830000	603
782.180000	783.980000	604
784.110000	784.210000	605
784.350000	784.750000	606
785.520000	785.580000	607
785.930000	786.840000	608
787.350000	787.550000	609
787.660000	788.080000	610
788.190000	788.320000	611
788.450000	788.960000	612
790.080000	790.190000	613
790.340000	790.540000	614
790.790000	790.920000	615
791.040000	791.550000	616
791.700000	793.400000	617
794.050000	794.170000	618
794.330000	794.750000	619
794.870000	794.910000	620
795.930000	797.150000	621
797.270000	798.520000	622
798.850000	799.870000	623
799.980000	800.040000	624
800.180000	800.690000	625
801.040000	801.450000	626
801.570000	802.010000	627
802.210000	803.260000	628
803.670000	804.770000	629
805.410000	805.980000	630
806.090000	806.880000	631
807.320000	809.100000	632
809.240000	809.300000	633
809.420000	809.550000	634
809.670000	810.140000	635
810.500000	811.020000	636
811.190000	812.370000	637
812.490000	813.140000	638
814.110000	814.460000	639
814.600000	815.030000	640
815.770000	816.040000	641
816.760000	817.170000	642
817.740000	818.120000	643
818.680000	819.140000	644
819.280000	820.630000	645
820.760000	821.280000	646
822.250000	825.460000	647
825.900000	826.080000	648
826.220000	827.750000	649
827.920000	827.930000	650
828.270000	828.730000	651
828.850000	829.540000	652
830.440000	831.740000	653
832.180000	832.750000	654
832.870000	835.020000	655
835.330000	837.220000	656
837.330000	838.400000	657
838.940000	839.440000	658
839.550000	840.070000	659
840.190000	840.890000	660
842.360000	842.940000	661
844.050000	845.180000	662
845.380000	846.060000	663
847.620000	848.290000	664
849.140000	850.000000	665
850.120000	851.040000	666
853.100000	853.530000	667
853.670000	854.240000	668
854.380000	855.230000	669
855.350000	856.940000	670
858.400000	859.000000	671
859.820000	861.040000	672
862.280000	862.770000	673
862.880000	863.160000	674
863.940000	864.250000	675
865.010000	865.360000	676
865.960000	866.410000	677
866.660000	867.550000	678
867.730000	867.740000	679
867.960000	869.040000	680
869.150000	871.180000	681
871.380000	871.390000	682
871.770000	872.810000	683
873.150000	873.750000	684
874.100000	874.650000	685
874.930000	875.340000	686
875.740000	876.300000	687
877.220000	878.190000	688
878.440000	882.980000	689
883.100000	883.160000	690
884.270000	884.520000	691
885.080000	886.530000	692
886.670000	892.020000	693
892.540000	893.000000	694
893.770000	894.700000	695
894.810000	895.150000	696
895.620000	895.820000	697
896.070000	896.200000	698
896.360000	896.610000	699
896.760000	897.220000	700
897.330000	897.700000	701
898.700000	898.910000	702
899.050000	899.590000	703
899.740000	900.430000	704
901.330000	904.540000	705
905.120000	905.650000	706
905.760000	905.960000	707
906.080000	906.840000	708
906.970000	907.540000	709
908.440000	908.780000	710
909.070000	910.340000	711
910.700000	912.770000	712
913.270000	914.220000	713
914.370000	914.960000	714
915.570000	916.540000	715
916.690000	917.550000	716
917.990000	919.050000	717
920.420000	921.100000	718
921.220000	921.630000	719
922.760000	923.670000	720
923.850000	924.250000	721
924.980000	925.320000	722
926.060000	926.390000	723
927.130000	927.530000	724
928.080000	928.620000	725
928.770000	929.420000	726
930.420000	934.270000	727
934.690000	935.900000	728
936.330000	937.360000	729
937.490000	937.770000	730
938.310000	939.010000	731
939.440000	940.750000	732
942.110000	942.150000	733
942.290000	943.000000	734
943.500000	944.250000	735
944.370000	944.390000	736
944.500000	945.240000	737
945.440000	946.160000	738
946.270000	946.340000	739
946.500000	946.550000	740
947.370000	947.770000	741
947.880000	948.730000	742
949.940000	950.900000	743
951.750000	953.270000	744
953.380000	953.610000	745
954.720000	954.890000	746
955.110000	955.630000	747
955.800000	957.330000	748
957.710000	958.960000	749
959.730000	959.740000	750
960.020000	960.690000	751
961.560000	962.700000	752
963.440000	966.000000	753
966.330000	967.490000	754
967.760000	967.770000	755
968.550000	968.890000	756
969.010000	969.250000	757
969.650000	969.660000	758
970.000000	970.950000	759
972.080000	972.210000	760
972.330000	972.710000	761
972.830000	972.840000	762
972.960000	972.980000	763
973.430000	973.710000	764
974.410000	974.810000	765
975.430000	975.750000	766
976.230000	979.680000	767
979.970000	981.040000	768
981.280000	982.680000	769
983.150000	984.660000	770
985.260000	985.940000	771
986.080000	987.440000	772
988.370000	989.040000	773
989.160000	989.870000	774
990.850000	992.060000	775
992.170000	992.210000	776
992.720000	993.370000	777
993.510000	993.600000	778
994.350000	994.860000	779
995.480000	996.090000	780
996.580000	996.590000	781
996.770000	998.180000	782
998.740000	1000.330000	783
1000.440000	1001.170000	784
1001.780000	1003.420000	785
1003.540000	1004.630000	786
1006.720000	1008.050000	787
1009.910000	1011.010000	788
1011.630000	1013.660000	789
1014.540000	1015.380000	790
1016.090000	1016.790000	791
1016.900000	1018.120000	792
1018.570000	1019.050000	793
1019.160000	1019.760000	794
1021.670000	1022.830000	795
1022.950000	1023.400000	796
1023.990000	1024.380000	797
1025.180000	1025.500000	798
1026.390000	1026.670000	799
1027.250000	1027.760000	800
1028.260000	1029.140000	801
1029.490000	1031.010000	802
