START		STOP		LABEL
1062.256417	1062.676417	1
1062.966417	1062.986417	2
1063.156417	1063.256417	3
1063.536417	1063.656417	4
1063.836417	1064.126417	5
1064.566417	1064.976417	6
1065.086417	1065.236417	7
1065.466417	1065.716417	8
1065.836417	1066.216417	9
1066.326417	1066.456417	10
1066.566417	1067.206417	11
1067.446417	1068.606417	12
1068.746417	1069.196417	13
1069.306417	1069.686417	14
1069.796417	1070.596417	15
1070.756417	1070.906417	16
1071.016417	1071.086417	17
1073.746417	1073.806417	18
1074.156417	1074.226417	19
1074.566417	1074.636417	20
1074.986417	1075.046417	21
1075.396417	1075.466417	22
1076.026417	1076.046417	23
1077.066417	1077.116417	24
1077.496417	1083.426417	25
1083.556417	1085.606417	26
1085.716417	1089.946417	27
1090.156417	1092.366417	28
1092.496417	1092.636417	29
1092.746417	1092.996417	30
1093.166417	1093.176417	31
1093.346417	1093.626417	32
1093.736417	1097.346417	33
1097.496417	1098.946417	34
1099.146417	1101.056417	35
1101.166417	1101.726417	36
1101.876417	1103.536417	37
1103.676417	1103.776417	38
1103.886417	1105.206417	39
1105.346417	1105.426417	40
1105.546417	1108.286417	41
1108.446417	1112.176417	42
1112.346417	1112.436417	43
1112.556417	1113.896417	44
1114.016417	1115.376417	45
1115.506417	1117.026417	46
1117.156417	1118.416417	47
1118.526417	1120.236417	48
1120.566417	1122.656417	49
1122.816417	1123.726417	50
1124.016417	1126.706417	51
1127.036417	1128.616417	52
1128.756417	1128.806417	53
1128.966417	1129.016417	54
1129.146417	1131.876417	55
1132.056417	1132.916417	56
1133.046417	1133.056417	57
1133.186417	1135.336417	58
1135.466417	1135.606417	59
1135.766417	1136.676417	60
1136.896417	1138.916417	61
1139.076417	1139.276417	62
1139.446417	1140.576417	63
1140.746417	1142.626417	64
1143.236417	1143.256417	65
1143.426417	1143.446417	66
1143.636417	1143.656417	67
1143.806417	1145.386417	68
1145.496417	1145.526417	69
1145.696417	1147.976417	70
1148.086417	1148.236417	71
1148.356417	1150.396417	72
1150.676417	1151.356417	73
1151.496417	1153.326417	74
1153.446417	1155.746417	75
1155.936417	1157.736417	76
1157.876417	1160.996417	77
1161.126417	1161.756417	78
1161.946417	1163.196417	79
1163.496417	1165.096417	80
1165.356417	1168.526417	81
1168.876417	1168.926417	82
1169.306417	1169.316417	83
1169.436417	1171.016417	84
1171.156417	1171.166417	85
1171.376417	1172.056417	86
1172.186417	1172.846417	87
1173.006417	1176.356417	88
1176.696417	1180.316417	89
1180.446417	1180.526417	90
1180.696417	1181.956417	91
1182.116417	1184.406417	92
1184.536417	1184.886417	93
1185.026417	1185.636417	94
1185.796417	1186.816417	95
1186.936417	1188.206417	96
1188.326417	1189.656417	97
1189.906417	1190.646417	98
1190.766417	1191.446417	99
1191.556417	1192.236417	100
1192.466417	1192.686417	101
1193.116417	1193.126417	102
1193.376417	1194.606417	103
1194.716417	1195.276417	104
1195.426417	1195.576417	105
1195.736417	1196.346417	106
1196.466417	1196.676417	107
1197.666417	1199.796417	108
1199.926417	1200.976417	109
1201.166417	1201.186417	110
1201.356417	1202.856417	111
1203.136417	1203.996417	112
1204.336417	1204.706417	113
1204.826417	1206.316417	114
1206.496417	1206.986417	115
1207.386417	1207.456417	116
1207.586417	1207.596417	117
1207.766417	1208.446417	118
1208.566417	1210.106417	119
1210.246417	1210.336417	120
1210.466417	1210.626417	121
1210.766417	1211.336417	122
1211.536417	1213.336417	123
1213.566417	1213.716417	124
1213.856417	1214.576417	125
1215.226417	1217.106417	126
1217.396417	1217.736417	127
1217.866417	1220.746417	128
1221.056417	1221.086417	129
1221.536417	1223.026417	130
1223.536417	1224.236417	131
1224.766417	1224.796417	132
1225.106417	1226.036417	133
1226.776417	1228.576417	134
1228.876417	1229.106417	135
1229.226417	1230.526417	136
1230.646417	1231.406417	137
1231.736417	1232.976417	138
1233.286417	1233.326417	139
1233.446417	1235.326417	140
1235.926417	1239.496417	141
1239.616417	1241.296417	142
1241.406417	1241.906417	143
1242.076417	1242.146417	144
1242.276417	1243.206417	145
1243.326417	1243.336417	146
1243.466417	1244.596417	147
1244.736417	1244.766417	148
1245.186417	1245.216417	149
1245.506417	1249.586417	150
1249.906417	1251.596417	151
1251.786417	1251.816417	152
1251.926417	1253.366417	153
1253.476417	1254.566417	154
1254.786417	1255.226417	155
1255.356417	1256.616417	156
1256.826417	1257.016417	157
1257.146417	1257.306417	158
1257.466417	1257.476417	159
1257.596417	1258.976417	160
1259.286417	1259.386417	161
1259.516417	1260.636417	162
1261.476417	1261.896417	163
1262.356417	1264.806417	164
1265.126417	1267.106417	165
1267.246417	1267.276417	166
1267.416417	1270.396417	167
1270.756417	1271.716417	168
1272.446417	1275.816417	169
1275.926417	1276.256417	170
1276.696417	1277.536417	171
1277.646417	1277.676417	172
1277.826417	1279.636417	173
1279.776417	1280.176417	174
1280.766417	1281.516417	175
1281.626417	1281.696417	176
1281.856417	1282.126417	177
1282.266417	1282.636417	178
1282.836417	1282.936417	179
1283.046417	1283.646417	180
1283.756417	1284.866417	181
1285.056417	1285.226417	182
1285.416417	1286.396417	183
1286.536417	1286.806417	184
1286.916417	1287.886417	185
1288.096417	1288.306417	186
1288.486417	1288.906417	187
1289.056417	1289.066417	188
1289.256417	1292.106417	189
1292.356417	1292.436417	190
1292.776417	1294.746417	191
1295.066417	1296.246417	192
1296.416417	1296.556417	193
1296.696417	1298.226417	194
1298.366417	1298.806417	195
1298.926417	1299.456417	196
1299.646417	1299.736417	197
1299.906417	1302.356417	198
1302.706417	1302.776417	199
1303.056417	1303.376417	200
1303.696417	1304.186417	201
1304.326417	1305.006417	202
1305.116417	1305.846417	203
1306.276417	1307.526417	204
1307.786417	1307.996417	205
1308.176417	1309.216417	206
1309.466417	1309.546417	207
1309.696417	1310.426417	208
1310.586417	1311.126417	209
1311.316417	1313.486417	210
1313.666417	1314.026417	211
1314.206417	1315.256417	212
1315.446417	1317.166417	213
1317.286417	1318.236417	214
1318.666417	1318.686417	215
1318.816417	1323.836417	216
1323.986417	1325.636417	217
1325.896417	1329.386417	218
1329.536417	1329.946417	219
1330.056417	1330.906417	220
1331.016417	1331.926417	221
1332.276417	1332.926417	222
1333.036417	1333.626417	223
1333.956417	1333.986417	224
1334.356417	1335.436417	225
1335.546417	1336.776417	226
1336.966417	1337.036417	227
1337.196417	1337.826417	228
1338.226417	1338.276417	229
1338.456417	1338.496417	230
1338.686417	1339.016417	231
1339.186417	1339.296417	232
1339.706417	1340.266417	233
1340.406417	1341.166417	234
1341.276417	1341.846417	235
1341.976417	1342.346417	236
1342.456417	1344.156417	237
1344.416417	1346.026417	238
1346.306417	1349.166417	239
1349.326417	1349.366417	240
1349.556417	1351.406417	241
1351.546417	1351.576417	242
1351.716417	1352.516417	243
1352.886417	1353.816417	244
1354.266417	1356.196417	245
1356.666417	1356.676417	246
1356.786417	1357.226417	247
1357.656417	1358.086417	248
1358.456417	1358.826417	249
1359.006417	1360.626417	250
1360.756417	1360.766417	251
1360.896417	1361.246417	252
1361.366417	1362.246417	253
1362.766417	1363.006417	254
1363.116417	1364.056417	255
1364.566417	1366.096417	256
1366.366417	1367.516417	257
1367.646417	1368.076417	258
1368.216417	1368.256417	259
1368.646417	1369.196417	260
1369.306417	1369.936417	261
1370.046417	1371.916417	262
1372.246417	1374.756417	263
1375.496417	1378.216417	264
1378.536417	1379.676417	265
1379.836417	1379.846417	266
1380.146417	1381.266417	267
1381.626417	1383.696417	268
1384.016417	1385.556417	269
1385.666417	1386.516417	270
1386.776417	1387.966417	271
1388.176417	1388.196417	272
1388.456417	1388.486417	273
1388.646417	1389.536417	274
1389.996417	1390.206417	275
1390.336417	1391.066417	276
1391.186417	1391.816417	277
1392.246417	1392.396417	278
1392.526417	1392.756417	279
1392.986417	1393.106417	280
1393.286417	1393.296417	281
1393.436417	1393.446417	282
1393.736417	1394.536417	283
1394.786417	1394.806417	284
1394.936417	1394.956417	285
1395.346417	1395.406417	286
1395.746417	1396.376417	287
1397.316417	1397.866417	288
1398.096417	1398.116417	289
1398.316417	1399.026417	290
1399.156417	1402.006417	291
1402.156417	1402.616417	292
1402.876417	1404.146417	293
1404.426417	1404.436417	294
1404.566417	1405.556417	295
1405.766417	1405.826417	296
1406.256417	1406.496417	297
1406.606417	1407.746417	298
1407.936417	1409.186417	299
1409.376417	1409.416417	300
1409.756417	1411.406417	301
1411.536417	1411.566417	302
1411.706417	1413.506417	303
1413.826417	1414.836417	304
1414.966417	1416.016417	305
1416.146417	1416.166417	306
1416.756417	1419.766417	307
1419.886417	1421.536417	308
1421.726417	1421.736417	309
1421.886417	1421.906417	310
1422.016417	1422.026417	311
1422.166417	1422.456417	312
1422.626417	1423.236417	313
1423.416417	1424.866417	314
1425.026417	1428.406417	315
1428.566417	1430.756417	316
1430.896417	1432.896417	317
1433.006417	1434.376417	318
1434.656417	1434.706417	319
1434.816417	1437.496417	320
1437.666417	1437.796417	321
1437.956417	1438.506417	322
1438.636417	1438.996417	323
1439.186417	1439.196417	324
1439.476417	1440.086417	325
1440.396417	1440.916417	326
1441.046417	1442.536417	327
1442.906417	1446.886417	328
1447.296417	1448.736417	329
1449.006417	1449.676417	330
1449.786417	1450.106417	331
1450.306417	1450.356417	332
1450.496417	1451.656417	333
1452.026417	1452.756417	334
1452.986417	1455.146417	335
1455.596417	1458.026417	336
1458.276417	1458.286417	337
1458.446417	1458.456417	338
1458.586417	1459.506417	339
1459.656417	1459.696417	340
1459.876417	1461.396417	341
1461.876417	1463.256417	342
1463.546417	1463.596417	343
1464.196417	1465.556417	344
1465.706417	1465.826417	345
1465.946417	1466.006417	346
1466.686417	1467.236417	347
1467.616417	1468.076417	348
1468.356417	1468.406417	349
1468.536417	1470.056417	350
1470.166417	1470.186417	351
1470.316417	1471.386417	352
1471.516417	1471.536417	353
1471.686417	1472.896417	354
1473.026417	1473.046417	355
1473.176417	1474.436417	356
1474.686417	1474.696417	357
1474.836417	1475.756417	358
1475.916417	1475.986417	359
1476.186417	1476.816417	360
1477.236417	1477.276417	361
1477.406417	1478.016417	362
1478.276417	1478.876417	363
1479.196417	1479.286417	364
1479.446417	1479.966417	365
1480.106417	1480.116417	366
1480.396417	1481.726417	367
1481.906417	1481.926417	368
1482.036417	1482.096417	369
1482.266417	1483.386417	370
1483.496417	1484.056417	371
1484.456417	1484.926417	372
1485.206417	1485.226417	373
1485.396417	1485.736417	374
1485.866417	1486.206417	375
1486.416417	1487.056417	376
1487.446417	1487.776417	377
1488.216417	1488.636417	378
1488.816417	1488.826417	379
1488.976417	1489.506417	380
1489.726417	1489.776417	381
1489.956417	1490.356417	382
1490.626417	1491.876417	383
1492.136417	1492.176417	384
1492.416417	1492.906417	385
1493.036417	1493.076417	386
1493.336417	1493.376417	387
1493.636417	1493.686417	388
1493.886417	1496.076417	389
1496.336417	1496.386417	390
1496.506417	1496.536417	391
1496.646417	1496.996417	392
1497.116417	1498.166417	393
1498.436417	1500.356417	394
1500.486417	1500.986417	395
1501.156417	1501.196417	396
1501.316417	1502.366417	397
1502.656417	1503.546417	398
1503.836417	1505.086417	399
1505.366417	1507.346417	400
1507.476417	1508.136417	401
1508.356417	1511.096417	402
1511.226417	1511.236417	403
1511.386417	1512.446417	404
1512.586417	1512.736417	405
1512.846417	1514.866417	406
1515.176417	1516.206417	407
1516.456417	1516.466417	408
1516.586417	1517.426417	409
1517.596417	1517.736417	410
1517.916417	1518.056417	411
1518.276417	1518.736417	412
1518.896417	1519.066417	413
1519.186417	1519.676417	414
1520.046417	1520.546417	415
1520.676417	1520.756417	416
1520.926417	1523.756417	417
1524.246417	1525.226417	418
1525.396417	1525.456417	419
1525.566417	1526.206417	420
1526.616417	1526.626417	421
1526.876417	1527.646417	422
1527.796417	1527.876417	423
1528.006417	1529.436417	424
1529.576417	1529.606417	425
1529.766417	1530.836417	426
1531.146417	1531.986417	427
1532.266417	1532.546417	428
1532.666417	1532.676417	429
1532.976417	1532.986417	430
1533.116417	1533.136417	431
1533.266417	1533.866417	432
1534.006417	1534.026417	433
1534.296417	1534.316417	434
1534.426417	1534.696417	435
1535.086417	1535.696417	436
1535.866417	1537.896417	437
1538.136417	1538.166417	438
1538.436417	1539.466417	439
1539.606417	1540.366417	440
1540.796417	1540.836417	441
1540.986417	1541.426417	442
1541.686417	1541.706417	443
1541.836417	1542.896417	444
1543.006417	1543.206417	445
1543.316417	1544.356417	446
1544.556417	1546.716417	447
1546.876417	1549.386417	448
1549.606417	1549.716417	449
1549.866417	1550.376417	450
1550.636417	1550.656417	451
1550.846417	1552.336417	452
1552.596417	1553.576417	453
1553.686417	1554.446417	454
1554.696417	1555.406417	455
1555.576417	1555.706417	456
1555.866417	1556.486417	457
1556.946417	1557.396417	458
1557.846417	1558.336417	459
1558.486417	1558.896417	460
1559.006417	1559.766417	461
1559.896417	1560.116417	462
1560.246417	1560.356417	463
1560.596417	1560.626417	464
1560.746417	1561.296417	465
1561.486417	1563.716417	466
1563.856417	1563.876417	467
1564.016417	1564.026417	468
1564.356417	1564.456417	469
1564.586417	1564.606417	470
1564.736417	1566.526417	471
1566.946417	1570.056417	472
1570.346417	1571.246417	473
1571.366417	1571.386417	474
1571.556417	1572.266417	475
1572.456417	1572.466417	476
1572.696417	1575.426417	477
1575.616417	1578.966417	478
1579.086417	1579.536417	479
1579.806417	1582.056417	480
1582.166417	1582.186417	481
1582.466417	1582.996417	482
1583.226417	1583.236417	483
1583.346417	1583.756417	484
1583.936417	1583.986417	485
1584.176417	1585.286417	486
1585.416417	1586.176417	487
1586.306417	1586.456417	488
1586.596417	1586.646417	489
1586.786417	1587.226417	490
1587.436417	1587.536417	491
1587.746417	1588.216417	492
1588.536417	1589.446417	493
1589.556417	1590.246417	494
1590.436417	1590.456417	495
1590.646417	1592.046417	496
1592.166417	1592.996417	497
1593.396417	1593.436417	498
1593.586417	1593.716417	499
1593.996417	1594.006417	500
1594.246417	1594.356417	501
1594.576417	1594.636417	502
1594.876417	1595.806417	503
1596.056417	1596.076417	504
1596.266417	1596.746417	505
1596.936417	1596.996417	506
1597.256417	1597.906417	507
1598.126417	1598.166417	508
1598.426417	1599.056417	509
1599.276417	1599.356417	510
1599.616417	1601.516417	511
1601.626417	1603.876417	512
1604.026417	1604.086417	513
1604.376417	1604.876417	514
1605.216417	1605.256417	515
1605.366417	1606.666417	516
1606.986417	1607.016417	517
1607.146417	1607.156417	518
1607.286417	1607.616417	519
1607.886417	1607.896417	520
1608.116417	1608.126417	521
1608.296417	1608.796417	522
1609.166417	1609.536417	523
1609.946417	1611.746417	524
1611.876417	1611.976417	525
1612.156417	1613.326417	526
1613.486417	1613.556417	527
1613.986417	1614.256417	528
1614.376417	1614.456417	529
1614.666417	1615.966417	530
1616.186417	1616.196417	531
1616.436417	1616.526417	532
1616.746417	1618.606417	533
1619.066417	1619.576417	534
1620.006417	1621.726417	535
1621.996417	1622.016417	536
1622.336417	1622.656417	537
1623.376417	1623.776417	538
1624.146417	1625.016417	539
1625.436417	1625.516417	540
1625.666417	1626.226417	541
1626.666417	1626.696417	542
1626.876417	1627.266417	543
1627.656417	1627.666417	544
1627.776417	1629.146417	545
1629.326417	1631.066417	546
1631.326417	1631.916417	547
1632.196417	1632.226417	548
1632.586417	1632.966417	549
1633.136417	1634.636417	550
1634.816417	1636.496417	551
1636.786417	1638.236417	552
1638.536417	1640.176417	553
1640.286417	1640.996417	554
1641.116417	1642.066417	555
1642.516417	1642.986417	556
1643.206417	1643.276417	557
1643.476417	1643.886417	558
1644.426417	1644.896417	559
1645.006417	1645.486417	560
1645.596417	1646.886417	561
1647.136417	1647.996417	562
1648.206417	1648.246417	563
1648.426417	1649.716417	564
1649.946417	1650.006417	565
1650.256417	1650.886417	566
1651.426417	1652.326417	567
1652.586417	1652.606417	568
1652.856417	1654.216417	569
1654.326417	1655.066417	570
1655.186417	1655.306417	571
1655.426417	1655.726417	572
1656.016417	1656.366417	573
1656.566417	1657.306417	574
1657.526417	1657.586417	575
1657.806417	1659.846417	576
1660.146417	1660.666417	577
1660.806417	1661.376417	578
1661.606417	1663.396417	579
1663.646417	1664.706417	580
1664.816417	1666.036417	581
1666.296417	1667.296417	582
1667.406417	1667.486417	583
1667.616417	1668.766417	584
1668.906417	1669.076417	585
1669.196417	1669.516417	586
1669.726417	1669.796417	587
1670.066417	1670.556417	588
1670.686417	1670.966417	589
1671.136417	1672.646417	590
1673.046417	1673.926417	591
1675.026417	1675.036417	592
1675.396417	1675.986417	593
1676.176417	1676.326417	594
1676.626417	1677.236417	595
1677.406417	1677.456417	596
1677.626417	1678.136417	597
1678.246417	1678.256417	598
1678.476417	1679.696417	599
1679.966417	1680.026417	600
1680.266417	1680.926417	601
1681.136417	1681.176417	602
1681.386417	1681.926417	603
1682.126417	1682.136417	604
1682.406417	1682.936417	605
1683.166417	1684.826417	606
1685.216417	1685.956417	607
1686.086417	1686.126417	608
1686.376417	1687.436417	609
1687.566417	1687.646417	610
1687.836417	1688.536417	611
1688.716417	1688.896417	612
1689.116417	1690.506417	613
1690.886417	1692.526417	614
1692.686417	1693.816417	615
1693.926417	1696.056417	616
1696.256417	1698.216417	617
1698.616417	1702.236417	618
1702.396417	1702.436417	619
1702.606417	1702.806417	620
1703.046417	1707.026417	621
1707.136417	1707.146417	622
1707.306417	1708.946417	623
1709.056417	1712.606417	624
1712.736417	1714.086417	625
1714.336417	1717.706417	626
1717.836417	1718.166417	627
1718.276417	1718.766417	628
1719.006417	1719.506417	629
1719.736417	1720.466417	630
1720.606417	1720.676417	631
1720.816417	1721.356417	632
1721.536417	1722.266417	633
1722.496417	1723.766417	634
1724.006417	1724.106417	635
1724.226417	1725.496417	636
1725.626417	1729.716417	637
1730.106417	1730.796417	638
1730.916417	1731.986417	639
1732.136417	1732.146417	640
1732.296417	1733.696417	641
1733.846417	1733.896417	642
1734.096417	1734.896417	643
1735.046417	1738.586417	644
1738.706417	1740.306417	645
1740.416417	1741.186417	646
1741.296417	1741.416417	647
1741.606417	1744.186417	648
1744.336417	1744.366417	649
1744.486417	1744.756417	650
1744.926417	1745.886417	651
1746.036417	1747.046417	652
1747.156417	1747.356417	653
1747.656417	1747.666417	654
1747.806417	1747.886417	655
1748.126417	1748.236417	656
1748.656417	1749.156417	657
1749.296417	1750.036417	658
1750.166417	1750.206417	659
1750.456417	1750.506417	660
1750.656417	1752.296417	661
1752.506417	1752.536417	662
1752.756417	1753.416417	663
1753.526417	1753.536417	664
1753.656417	1754.416417	665
1754.586417	1754.926417	666
1755.116417	1755.446417	667
1755.566417	1755.736417	668
1755.936417	1756.996417	669
1757.156417	1757.206417	670
1757.446417	1758.156417	671
1758.316417	1758.366417	672
1758.946417	1759.426417	673
1759.536417	1761.026417	674
1761.206417	1761.226417	675
1761.376417	1761.856417	676
1762.106417	1762.696417	677
1762.816417	1765.436417	678
1765.596417	1765.656417	679
1765.846417	1767.006417	680
1767.136417	1768.956417	681
1769.096417	1770.776417	682
1770.996417	1771.016417	683
1771.136417	1771.176417	684
1771.356417	1773.366417	685
1773.476417	1774.396417	686
1774.596417	1774.686417	687
1774.796417	1778.456417	688
1778.566417	1779.526417	689
1779.746417	1779.826417	690
1780.036417	1780.656417	691
1780.946417	1780.956417	692
1781.116417	1782.246417	693
1782.356417	1782.386417	694
1782.536417	1782.846417	695
1782.996417	1783.546417	696
1783.886417	1785.206417	697
1785.326417	1785.906417	698
1786.076417	1787.366417	699
1787.486417	1787.496417	700
1787.646417	1788.016417	701
1788.286417	1789.906417	702
1790.056417	1790.156417	703
1790.316417	1790.716417	704
1790.946417	1790.956417	705
1791.186417	1791.216417	706
1791.496417	1791.936417	707
1792.076417	1792.086417	708
1792.396417	1792.456417	709
1792.586417	1793.016417	710
1793.256417	1793.426417	711
1793.586417	1794.036417	712
1794.156417	1794.296417	713
1794.486417	1794.556417	714
1794.666417	1795.206417	715
1795.346417	1795.436417	716
1795.596417	1796.316417	717
1796.456417	1796.606417	718
1796.786417	1797.466417	719
1797.686417	1797.736417	720
1798.006417	1798.456417	721
1798.586417	1798.596417	722
1798.876417	1798.956417	723
1799.136417	1799.516417	724
1799.786417	1802.466417	725
1802.656417	1803.536417	726
1803.906417	1804.536417	727
1804.666417	1806.276417	728
1806.506417	1810.456417	729
1810.566417	1810.616417	730
1810.726417	1811.076417	731
1811.256417	1812.226417	732
1812.366417	1812.856417	733
1813.036417	1813.046417	734
1813.256417	1813.916417	735
1814.126417	1814.146417	736
1814.296417	1815.206417	737
1815.326417	1815.916417	738
1816.056417	1818.636417	739
1818.866417	1818.876417	740
1819.016417	1819.026417	741
1819.176417	1819.776417	742
1820.046417	1820.086417	743
1820.296417	1820.726417	744
1820.886417	1822.566417	745
1822.726417	1823.036417	746
1823.196417	1824.326417	747
1824.456417	1825.436417	748
1825.606417	1826.326417	749
1826.476417	1826.506417	750
1826.786417	1827.266417	751
1827.706417	1832.166417	752
1832.436417	1832.516417	753
1832.666417	1835.266417	754
1835.386417	1837.276417	755
1837.386417	1842.716417	756
1843.146417	1846.606417	757
1846.856417	1846.876417	758
1847.096417	1847.746417	759
1847.886417	1850.426417	760
1850.576417	1850.976417	761
1851.186417	1851.206417	762
1851.346417	1851.356417	763
1851.496417	1852.156417	764
1852.336417	1852.426417	765
1852.626417	1853.736417	766
1853.846417	1856.616417	767
1857.126417	1861.386417	768
1861.516417	1867.686417	769
1867.956417	1872.416417	770
1872.536417	1873.136417	771
1873.256417	1879.586417	772
1879.726417	1884.856417	773
1885.006417	1886.876417	774
1887.016417	1887.026417	775
1887.176417	1887.216417	776
1887.326417	1891.616417	777
1891.736417	1896.126417	778
1896.236417	1896.706417	779
1897.066417	1898.146417	780
1898.296417	1898.326417	781
1898.716417	1898.906417	782
1899.116417	1900.716417	783
1900.886417	1900.966417	784
1901.116417	1903.976417	785
1904.126417	1904.856417	786
1905.006417	1906.216417	787
1906.356417	1906.396417	788
1906.526417	1906.866417	789
1907.026417	1907.266417	790
1907.416417	1907.746417	791
1907.886417	1908.406417	792
1908.546417	1909.066417	793
1909.206417	1909.516417	794
1909.656417	1910.176417	795
1910.336417	1910.346417	796
1910.556417	1910.566417	797
1910.756417	1914.836417	798
1914.946417	1917.016417	799
1917.266417	1918.946417	800
1919.156417	1919.166417	801
1919.296417	1920.266417	802
1920.476417	1920.516417	803
1920.696417	1921.196417	804
1921.566417	1923.796417	805
1924.006417	1926.886417	806
1927.076417	1928.466417	807
1928.636417	1928.646417	808
1928.856417	1929.616417	809
1929.746417	1929.756417	810
1929.886417	1931.356417	811
1931.506417	1932.476417	812
1932.606417	1932.626417	813
1932.776417	1933.746417	814
1934.016417	1936.056417	815
1936.496417	1938.006417	816
1938.166417	1938.186417	817
1938.316417	1938.656417	818
1938.836417	1939.296417	819
1939.436417	1939.936417	820
1940.236417	1941.836417	821
1942.186417	1942.196417	822
1942.306417	1942.856417	823
1943.086417	1943.456417	824
1943.756417	1945.256417	825
1945.436417	1945.446417	826
1945.746417	1947.176417	827
1947.296417	1947.376417	828
1947.526417	1947.896417	829
1948.006417	1948.536417	830
1948.716417	1948.726417	831
1948.876417	1950.766417	832
1950.946417	1951.026417	833
1951.166417	1952.396417	834
1952.566417	1953.996417	835
1954.196417	1955.556417	836
1955.716417	1955.776417	837
1955.946417	1956.416417	838
1956.626417	1957.906417	839
1958.196417	1959.266417	840
1959.786417	1960.086417	841
1960.226417	1960.316417	842
1960.486417	1960.506417	843
1960.666417	1961.226417	844
1961.386417	1962.366417	845
1962.546417	1962.556417	846
1962.946417	1963.536417	847
1963.686417	1963.746417	848
1963.886417	1963.976417	849
1964.146417	1965.586417	850
1965.776417	1969.926417	851
1970.096417	1970.136417	852
1970.316417	1970.806417	853
1970.966417	1971.116417	854
1971.246417	1972.466417	855
1972.866417	1973.366417	856
1973.526417	1973.536417	857
1973.756417	1973.776417	858
1973.986417	1974.056417	859
1974.186417	1974.936417	860
1975.136417	1975.146417	861
1975.336417	1975.386417	862
1975.496417	1976.406417	863
1976.666417	1976.786417	864
1976.906417	1978.396417	865
1978.566417	1980.186417	866
1980.296417	1982.476417	867
1982.606417	1983.476417	868
1983.606417	1983.616417	869
1983.796417	1985.686417	870
1985.856417	1987.746417	871
1987.946417	1989.346417	872
1989.526417	1989.616417	873
1989.726417	1991.196417	874
1991.346417	1991.456417	875
1991.616417	1992.406417	876
1992.536417	1992.556417	877
1992.666417	1994.026417	878
1994.136417	1994.606417	879
1994.826417	1994.836417	880
1995.006417	1995.656417	881
1995.916417	1995.976417	882
1996.106417	1996.216417	883
1996.336417	1997.626417	884
1997.756417	1999.466417	885
1999.586417	1999.686417	886
1999.856417	1999.876417	887
2000.046417	2000.556417	888
2000.706417	2002.436417	889
2002.566417	2002.676417	890
2002.836417	2003.646417	891
2003.776417	2004.326417	892
2004.696417	2004.706417	893
2004.856417	2005.906417	894
2006.286417	2006.566417	895
2006.906417	2009.096417	896
2009.236417	2009.376417	897
2009.486417	2009.586417	898
2009.706417	2010.346417	899
2010.486417	2010.496417	900
2010.636417	2011.196417	901
2011.426417	2011.666417	902
2011.786417	2014.376417	903
2014.496417	2015.986417	904
2016.116417	2016.646417	905
2016.826417	2016.906417	906
2017.046417	2017.516417	907
2017.696417	2018.246417	908
2018.426417	2018.556417	909
2018.706417	2018.926417	910
2019.036417	2019.596417	911
2019.806417	2021.056417	912
2021.216417	2021.246417	913
2021.436417	2022.746417	914
2022.866417	2023.276417	915
2023.526417	2023.696417	916
2023.806417	2024.536417	917
2024.746417	2025.026417	918
2025.256417	2026.016417	919
2026.316417	2026.856417	920
2026.976417	2029.526417	921
2029.636417	2029.736417	922
2029.866417	2029.916417	923
2030.116417	2030.136417	924
2030.326417	2031.186417	925
2031.496417	2032.516417	926
2032.626417	2033.156417	927
2033.386417	2033.566417	928
2033.866417	2033.936417	929
2034.166417	2035.756417	930
2035.966417	2036.346417	931
2036.466417	2037.756417	932
2038.076417	2038.086417	933
2038.246417	2039.836417	934
2039.956417	2040.256417	935
2040.406417	2040.586417	936
2040.876417	2041.466417	937
2041.586417	2041.876417	938
2042.286417	2043.136417	939
2043.696417	2044.516417	940
2044.636417	2045.816417	941
2045.986417	2046.996417	942
2047.196417	2048.856417	943
2049.136417	2050.046417	944
2050.436417	2052.826417	945
2053.056417	2053.196417	946
2053.416417	2055.716417	947
2056.146417	2058.396417	948
2058.546417	2058.696417	949
2058.856417	2061.676417	950
2061.976417	2064.326417	951
2064.686417	2067.646417	952
2067.786417	2068.796417	953
2068.916417	2070.156417	954
2070.356417	2072.346417	955
2072.466417	2074.126417	956
2074.386417	2075.576417	957
2075.696417	2076.306417	958
2076.446417	2076.466417	959
2076.676417	2076.696417	960
2076.916417	2077.646417	961
2077.806417	2077.836417	962
2078.186417	2079.596417	963
2079.726417	2079.746417	964
2079.966417	2080.766417	965
2080.896417	2080.906417	966
2081.106417	2082.346417	967
2082.516417	2082.596417	968
2082.726417	2083.946417	969
2084.056417	2084.186417	970
2084.406417	2085.066417	971
2085.336417	2085.916417	972
2086.176417	2086.756417	973
2086.996417	2087.696417	974
2087.866417	2092.496417	975
2092.826417	2097.466417	976
2097.736417	2099.036417	977
2099.616417	2099.626417	978
2099.926417	2100.666417	979
2100.786417	2100.856417	980
2100.966417	2101.956417	981
2102.186417	2102.236417	982
2102.416417	2103.146417	983
2103.346417	2103.376417	984
2103.516417	2104.236417	985
2104.446417	2104.536417	986
2104.706417	2106.026417	987
2106.396417	2106.436417	988
2106.576417	2106.846417	989
2107.036417	2108.136417	990
2108.356417	2109.696417	991
2109.856417	2109.906417	992
2110.116417	2111.326417	993
2111.466417	2111.866417	994
2111.986417	2112.206417	995
2112.546417	2112.596417	996
2112.716417	2113.996417	997
2114.116417	2115.136417	998
2115.266417	2115.306417	999
2115.426417	2115.756417	1000
2115.866417	2116.516417	1001
2116.736417	2116.886417	1002
2117.006417	2119.256417	1003
2119.476417	2121.616417	1004
2121.906417	2123.776417	1005
2124.126417	2124.136417	1006
2124.326417	2124.696417	1007
2124.856417	2124.886417	1008
2125.086417	2127.646417	1009
2127.776417	2127.926417	1010
2128.036417	2128.476417	1011
2128.606417	2128.626417	1012
2128.836417	2129.626417	1013
2129.996417	2130.956417	1014
2131.106417	2131.466417	1015
2131.646417	2131.676417	1016
2131.886417	2131.916417	1017
2132.116417	2133.376417	1018
2133.506417	2133.556417	1019
2133.666417	2134.716417	1020
2134.906417	2134.986417	1021
2135.176417	2135.186417	1022
2135.346417	2137.106417	1023
2137.276417	2140.596417	1024
2140.796417	2140.846417	1025
2140.986417	2141.756417	1026
2141.956417	2144.646417	1027
2144.806417	2144.916417	1028
2145.026417	2146.006417	1029
2146.176417	2146.966417	1030
2147.086417	2148.726417	1031
2148.956417	2152.196417	1032
2152.316417	2152.416417	1033
2152.666417	2153.976417	1034
2154.096417	2155.786417	1035
2155.906417	2155.936417	1036
2156.056417	2158.386417	1037
2158.496417	2160.516417	1038
2160.636417	2162.886417	1039
2163.006417	2163.056417	1040
2163.186417	2167.746417	1041
2167.856417	2168.966417	1042
2169.076417	2169.726417	1043
2169.846417	2170.846417	1044
2170.966417	2173.476417	1045
2173.586417	2173.846417	1046
2173.996417	2174.136417	1047
2174.336417	2174.346417	1048
2174.566417	2177.216417	1049
2177.526417	2179.546417	1050
2179.696417	2185.356417	1051
2185.496417	2186.736417	1052
2186.846417	2187.726417	1053
2187.836417	2187.976417	1054
2188.126417	2189.356417	1055
2189.496417	2189.656417	1056
2189.776417	2190.036417	1057
2190.206417	2190.336417	1058
2190.446417	2190.986417	1059
2191.336417	2192.586417	1060
2192.776417	2192.976417	1061
2193.106417	2194.586417	1062
2194.806417	2194.906417	1063
2195.026417	2197.986417	1064
2198.106417	2199.646417	1065
2199.806417	2201.806417	1066
2201.936417	2202.526417	1067
2202.656417	2205.006417	1068
2205.176417	2207.506417	1069
2207.626417	2209.136417	1070
2209.256417	2209.416417	1071
2209.576417	2212.466417	1072
2212.666417	2214.436417	1073
2214.556417	2215.376417	1074
2215.486417	2215.606417	1075
2215.726417	2216.276417	1076
2216.466417	2216.996417	1077
2217.186417	2217.216417	1078
2217.366417	2218.016417	1079
2218.136417	2218.256417	1080
2218.376417	2219.426417	1081
2219.556417	2219.886417	1082
2220.056417	2220.106417	1083
2220.296417	2222.476417	1084
2222.716417	2222.836417	1085
2223.046417	2224.036417	1086
2224.376417	2224.506417	1087
2224.636417	2224.646417	1088
2224.796417	2225.856417	1089
2226.076417	2226.226417	1090
2226.366417	2227.016417	1091
2227.206417	2231.576417	1092
2231.686417	2232.876417	1093
2233.086417	2234.576417	1094
2234.766417	2234.806417	1095
2234.986417	2235.766417	1096
2235.986417	2236.516417	1097
2236.626417	2236.846417	1098
2236.956417	2238.286417	1099
2238.406417	2238.526417	1100
2238.646417	2238.696417	1101
2238.886417	2239.706417	1102
2239.866417	2240.386417	1103
2240.586417	2242.556417	1104
2242.736417	2245.016417	1105
2245.176417	2248.636417	1106
2248.806417	2250.056417	1107
2250.246417	2250.396417	1108
2250.506417	2251.036417	1109
2251.226417	2251.996417	1110
2252.196417	2252.206417	1111
2252.316417	2252.776417	1112
2252.926417	2253.736417	1113
2253.846417	2254.746417	1114
2254.856417	2254.976417	1115
2255.106417	2256.646417	1116
2256.796417	2259.026417	1117
2259.616417	2260.656417	1118
2260.876417	2262.176417	1119
2262.326417	2263.816417	1120
2263.936417	2263.946417	1121
2264.056417	2264.806417	1122
2265.226417	2268.026417	1123
2268.156417	2269.926417	1124
2270.086417	2273.306417	1125
2273.486417	2273.626417	1126
2273.736417	2275.006417	1127
2275.176417	2275.306417	1128
2275.426417	2277.366417	1129
2277.486417	2278.866417	1130
2278.986417	2280.146417	1131
2280.266417	2283.536417	1132
2283.646417	2283.746417	1133
2283.896417	2288.876417	1134
2289.096417	2289.106417	1135
2289.216417	2290.556417	1136
2290.666417	2290.826417	1137
2291.026417	2292.446417	1138
2292.716417	2292.726417	1139
2293.006417	2293.606417	1140
2293.716417	2294.616417	1141
2294.816417	2296.806417	1142
2296.956417	2297.326417	1143
2297.656417	2297.726417	1144
2297.866417	2298.416417	1145
2298.526417	2298.636417	1146
2299.136417	2299.196417	1147
2299.666417	2300.216417	1148
2300.326417	2301.416417	1149
2301.556417	2302.586417	1150
2302.706417	2305.686417	1151
2305.796417	2306.616417	1152
2306.726417	2307.696417	1153
2307.846417	2309.646417	1154
2309.776417	2312.076417	1155
2312.316417	2314.886417	1156
2314.996417	2315.186417	1157
2315.316417	2316.646417	1158
2316.786417	2320.476417	1159
2320.896417	2320.906417	1160
2321.046417	2321.086417	1161
2321.256417	2321.366417	1162
2321.486417	2321.646417	1163
2321.806417	2321.976417	1164
2322.626417	2323.946417	1165
2324.056417	2324.116417	1166
2324.296417	2324.386417	1167
2324.536417	2326.116417	1168
2326.226417	2327.256417	1169
2327.426417	2327.696417	1170
2327.806417	2327.816417	1171
2327.926417	2328.256417	1172
2328.396417	2332.826417	1173
2333.006417	2335.046417	1174
2335.186417	2336.526417	1175
2336.636417	2336.936417	1176
2337.116417	2337.686417	1177
2337.846417	2338.706417	1178
2338.826417	2338.836417	1179
2338.966417	2339.556417	1180
2339.686417	2343.216417	1181
2343.386417	2346.216417	1182
2346.326417	2347.066417	1183
2347.286417	2347.326417	1184
2347.536417	2347.546417	1185
2347.776417	2348.166417	1186
2348.386417	2348.396417	1187
2348.766417	2349.076417	1188
2349.206417	2349.626417	1189
2349.956417	2350.456417	1190
2350.926417	2350.936417	1191
2351.156417	2351.166417	1192
2351.406417	2351.416417	1193
2351.616417	2351.956417	1194
2352.256417	2352.266417	1195
2353.086417	2353.836417	1196
2354.676417	2355.536417	1197
2355.756417	2355.786417	1198
2355.906417	2357.646417	1199
2357.806417	2358.726417	1200
2358.896417	2359.016417	1201
2359.146417	2359.156417	1202
2359.336417	2360.366417	1203
2360.476417	2360.666417	1204
2360.826417	2361.576417	1205
2361.926417	2361.946417	1206
2362.186417	2363.036417	1207
2363.146417	2364.006417	1208
2364.416417	2366.486417	1209
2366.916417	2367.826417	1210
2368.256417	2368.416417	1211
2368.556417	2369.396417	1212
2369.526417	2370.906417	1213
2371.306417	2371.326417	1214
2371.466417	2371.816417	1215
2371.956417	2372.696417	1216
2373.016417	2373.476417	1217
2373.716417	2373.796417	1218
2373.906417	2375.396417	1219
2376.286417	2376.796417	1220
2376.936417	2380.406417	1221
2380.526417	2380.846417	1222
2381.296417	2381.316417	1223
2381.466417	2382.226417	1224
2382.546417	2382.556417	1225
2382.806417	2383.316417	1226
2383.486417	2383.546417	1227
2383.726417	2384.336417	1228
2384.546417	2384.576417	1229
2384.716417	2385.576417	1230
2385.806417	2385.866417	1231
2386.086417	2388.706417	1232
2388.816417	2388.906417	1233
2389.126417	2389.776417	1234
2390.086417	2390.096417	1235
2390.206417	2390.936417	1236
2391.206417	2391.346417	1237
2391.506417	2393.186417	1238
2393.596417	2393.606417	1239
2393.766417	2394.116417	1240
2394.516417	2395.256417	1241
2395.496417	2396.166417	1242
2396.356417	2396.426417	1243
2396.566417	2397.236417	1244
2397.676417	2398.206417	1245
2398.586417	2400.946417	1246
2401.236417	2404.016417	1247
2404.236417	2404.256417	1248
2404.366417	2404.746417	1249
2404.866417	2405.096417	1250
2405.236417	2405.666417	1251
2405.866417	2405.956417	1252
2406.116417	2409.116417	1253
2409.246417	2413.086417	1254
2413.216417	2413.306417	1255
2413.496417	2414.676417	1256
2414.896417	2414.906417	1257
2415.396417	2418.706417	1258
2418.866417	2420.966417	1259
2421.416417	2421.426417	1260
2421.536417	2424.526417	1261
2424.636417	2424.746417	1262
2424.926417	2424.936417	1263
2425.226417	2426.156417	1264
2426.306417	2427.326417	1265
2427.436417	2427.456417	1266
2427.816417	2428.546417	1267
2428.676417	2428.746417	1268
2428.936417	2430.026417	1269
2430.196417	2433.116417	1270
2433.326417	2433.476417	1271
2433.696417	2434.136417	1272
2434.336417	2434.966417	1273
2435.096417	2435.116417	1274
2435.286417	2438.546417	1275
2438.706417	2438.746417	1276
2438.966417	2438.976417	1277
2439.176417	2439.516417	1278
2439.866417	2440.796417	1279
2440.966417	2441.016417	1280
2441.166417	2442.886417	1281
2443.186417	2443.496417	1282
2443.616417	2443.996417	1283
2444.236417	2446.906417	1284
2447.496417	2448.096417	1285
2448.496417	2450.446417	1286
2450.736417	2457.036417	1287
2457.326417	2457.556417	1288
2458.066417	2459.126417	1289
2459.376417	2459.386417	1290
2459.826417	2460.436417	1291
2460.796417	2460.836417	1292
2461.016417	2462.126417	1293
2462.366417	2463.386417	1294
2464.086417	2464.106417	1295
2464.406417	2467.626417	1296
2467.876417	2469.236417	1297
2469.346417	2469.526417	1298
2469.686417	2470.496417	1299
2470.706417	2471.566417	1300
2471.726417	2472.926417	1301
2473.216417	2473.776417	1302
2473.936417	2473.946417	1303
2474.226417	2474.666417	1304
2475.116417	2476.016417	1305
2476.126417	2476.136417	1306
2476.296417	2476.306417	1307
2476.466417	2476.516417	1308
2476.636417	2477.166417	1309
2477.406417	2477.716417	1310
2477.836417	2477.886417	1311
2478.006417	2478.736417	1312
2478.866417	2478.956417	1313
2479.206417	2479.736417	1314
2479.946417	2480.016417	1315
2480.276417	2480.506417	1316
2480.696417	2482.026417	1317
2482.136417	2483.796417	1318
2484.126417	2485.936417	1319
2486.076417	2486.146417	1320
2486.256417	2487.856417	1321
2487.996417	2488.016417	1322
2488.156417	2488.206417	1323
2488.416417	2488.896417	1324
2489.026417	2489.036417	1325
2489.196417	2489.796417	1326
2490.196417	2491.616417	1327
2491.776417	2493.526417	1328
2493.696417	2493.716417	1329
2493.886417	2494.476417	1330
2495.006417	2495.136417	1331
2495.436417	2496.146417	1332
2496.256417	2496.566417	1333
2496.756417	2496.946417	1334
2497.246417	2497.376417	1335
2497.496417	2497.726417	1336
2497.956417	2498.116417	1337
2498.596417	2499.366417	1338
2499.476417	2499.916417	1339
2500.326417	2501.676417	1340
2501.786417	2502.186417	1341
2502.326417	2502.336417	1342
2502.506417	2504.256417	1343
2504.406417	2504.416417	1344
2504.746417	2504.786417	1345
2504.916417	2505.186417	1346
2505.436417	2505.496417	1347
2505.616417	2505.626417	1348
2505.786417	2506.666417	1349
2506.826417	2506.876417	1350
2506.996417	2507.016417	1351
2507.166417	2507.176417	1352
2507.336417	2507.356417	1353
2507.506417	2508.046417	1354
2508.206417	2508.256417	1355
2508.376417	2508.386417	1356
2508.556417	2508.736417	1357
2508.896417	2509.076417	1358
2509.246417	2509.816417	1359
2509.936417	2509.946417	1360
2510.116417	2510.126417	1361
2510.276417	2510.296417	1362
2510.616417	2513.676417	1363
2513.966417	2515.116417	1364
2515.376417	2520.146417	1365
2520.296417	2520.486417	1366
2520.646417	2521.696417	1367
2521.856417	2521.866417	1368
2522.026417	2523.906417	1369
2524.026417	2524.626417	1370
2525.006417	2525.026417	1371
2525.206417	2525.896417	1372
2526.276417	2527.756417	1373
2528.246417	2528.886417	1374
2529.166417	2529.406417	1375
2529.566417	2530.136417	1376
2530.296417	2530.436417	1377
2530.606417	2531.206417	1378
2531.626417	2532.566417	1379
2532.716417	2534.086417	1380
2534.526417	2535.346417	1381
2535.486417	2536.386417	1382
2536.516417	2536.576417	1383
2536.886417	2537.286417	1384
2537.396417	2537.456417	1385
2537.676417	2538.556417	1386
2538.966417	2538.986417	1387
2539.136417	2539.306417	1388
2539.486417	2539.836417	1389
2539.996417	2540.046417	1390
2540.166417	2540.196417	1391
2540.346417	2541.426417	1392
2541.536417	2542.286417	1393
2542.546417	2544.946417	1394
2545.176417	2545.186417	1395
2545.326417	2545.886417	1396
2546.426417	2546.996417	1397
2547.106417	2549.006417	1398
2549.146417	2549.156417	1399
2549.326417	2549.906417	1400
2550.016417	2551.626417	1401
2551.746417	2551.756417	1402
2551.956417	2553.696417	1403
2553.816417	2555.256417	1404
2555.366417	2556.806417	1405
2557.146417	2557.166417	1406
2557.316417	2557.566417	1407
2558.276417	2558.286417	1408
2558.416417	2559.146417	1409
2559.696417	2560.106417	1410
2560.846417	2561.486417	1411
2562.686417	2563.626417	1412
2564.576417	2565.386417	1413
2566.206417	2566.516417	1414
2566.986417	2566.996417	1415
2567.466417	2568.526417	1416
2568.656417	2569.576417	1417
2569.756417	2571.236417	1418
2571.466417	2571.526417	1419
2571.656417	2571.666417	1420
2571.796417	2573.566417	1421
2573.726417	2573.926417	1422
2574.056417	2574.956417	1423
2575.116417	2575.126417	1424
2575.286417	2575.296417	1425
2575.456417	2575.476417	1426
2575.626417	2575.646417	1427
2575.976417	2576.036417	1428
2576.206417	2576.876417	1429
2577.006417	2577.036417	1430
2577.356417	2577.406417	1431
2577.526417	2578.246417	1432
2578.396417	2578.416417	1433
2578.626417	2578.636417	1434
2578.746417	2581.226417	1435
2581.546417	2581.606417	1436
2581.716417	2582.326417	1437
2582.566417	2582.776417	1438
2582.946417	2582.976417	1439
2583.106417	2583.876417	1440
2584.006417	2584.426417	1441
2584.696417	2584.826417	1442
2585.036417	2585.636417	1443
2585.746417	2586.646417	1444
2586.766417	2586.916417	1445
2587.146417	2587.196417	1446
2587.316417	2587.326417	1447
2587.446417	2588.586417	1448
2588.766417	2589.146417	1449
2589.406417	2591.816417	1450
2592.036417	2593.376417	1451
2593.576417	2593.626417	1452
2593.786417	2596.596417	1453
2596.756417	2597.686417	1454
2597.806417	2598.016417	1455
2598.126417	2599.236417	1456
2599.406417	2600.376417	1457
2600.536417	2600.626417	1458
2600.756417	2602.376417	1459
2602.526417	2602.576417	1460
2602.706417	2603.336417	1461
2603.576417	2605.516417	1462
2605.816417	2607.446417	1463
2607.606417	2607.616417	1464
2607.776417	2607.816417	1465
2607.946417	2609.236417	1466
2609.466417	2610.416417	1467
2610.576417	2610.596417	1468
2610.746417	2610.766417	1469
2610.896417	2611.476417	1470
2611.626417	2611.636417	1471
2611.796417	2611.816417	1472
2611.966417	2613.216417	1473
2613.376417	2613.386417	1474
2613.656417	2614.176417	1475
2614.406417	2615.286417	1476
2615.466417	2615.496417	1477
2615.656417	2617.366417	1478
2617.576417	2617.986417	1479
2618.266417	2618.636417	1480
2618.966417	2619.376417	1481
2619.486417	2620.496417	1482
2620.686417	2621.256417	1483
2621.416417	2621.776417	1484
2621.936417	2621.956417	1485
2622.106417	2623.706417	1486
2623.816417	2624.646417	1487
2624.756417	2625.626417	1488
2625.786417	2625.796417	1489
2625.956417	2626.646417	1490
2626.796417	2626.856417	1491
2626.996417	2628.256417	1492
2628.386417	2628.396417	1493
2628.606417	2629.216417	1494
2629.516417	2630.186417	1495
2630.336417	2630.346417	1496
2630.506417	2630.716417	1497
2630.856417	2630.886417	1498
2631.036417	2631.046417	1499
2631.206417	2631.436417	1500
2631.556417	2631.586417	1501
2631.706417	2633.366417	1502
2633.486417	2633.506417	1503
2633.656417	2633.676417	1504
2633.846417	2634.806417	1505
2635.056417	2635.386417	1506
2635.506417	2635.516417	1507
2635.626417	2637.066417	1508
2637.506417	2637.936417	1509
2638.096417	2638.116417	1510
2638.346417	2638.506417	1511
2638.686417	2638.726417	1512
2638.916417	2640.796417	1513
2640.976417	2642.266417	1514
2642.416417	2642.526417	1515
2642.686417	2643.926417	1516
2644.386417	2644.776417	1517
2644.956417	2645.166417	1518
2645.286417	2645.636417	1519
2646.176417	2646.496417	1520
2646.616417	2646.626417	1521
2646.796417	2646.826417	1522
2646.966417	2647.596417	1523
2647.706417	2648.676417	1524
2649.256417	2649.536417	1525
2649.656417	2650.146417	1526
2650.556417	2651.046417	1527
2651.196417	2651.206417	1528
2651.436417	2651.906417	1529
2652.076417	2652.086417	1530
2652.286417	2652.776417	1531
2652.896417	2653.686417	1532
2653.886417	2654.576417	1533
2654.686417	2654.846417	1534
2654.966417	2655.826417	1535
2656.076417	2656.276417	1536
2656.456417	2658.456417	1537
2658.586417	2658.646417	1538
2658.756417	2660.046417	1539
2660.156417	2660.346417	1540
2660.456417	2661.896417	1541
2662.066417	2662.156417	1542
2662.366417	2663.346417	1543
2663.506417	2664.116417	1544
2664.226417	2664.256417	1545
2664.406417	2664.416417	1546
2664.586417	2665.456417	1547
2665.636417	2665.646417	1548
2666.106417	2666.116417	1549
2666.306417	2666.366417	1550
2666.686417	2667.396417	1551
2667.506417	2668.296417	1552
2668.416417	2670.436417	1553
2670.576417	2670.966417	1554
2671.206417	2672.126417	1555
2672.286417	2674.576417	1556
2674.726417	2674.766417	1557
2674.916417	2675.516417	1558
2675.626417	2678.336417	1559
2678.466417	2680.216417	1560
2680.336417	2683.686417	1561
2683.836417	2684.346417	1562
2684.486417	2684.546417	1563
2684.666417	2685.086417	1564
2685.236417	2685.446417	1565
2685.576417	2685.886417	1566
2686.016417	2686.026417	1567
2686.136417	2688.666417	1568
2688.886417	2690.856417	1569
2691.226417	2691.546417	1570
2691.906417	2692.816417	1571
2692.926417	2692.936417	1572
2693.076417	2693.116417	1573
2693.366417	2693.486417	1574
2693.656417	2693.676417	1575
2693.816417	2695.186417	1576
2695.556417	2696.226417	1577
2696.756417	2696.766417	1578
2697.226417	2697.296417	1579
2697.436417	2697.666417	1580
2697.826417	2698.046417	1581
2698.316417	2699.136417	1582
2699.256417	2699.606417	1583
2699.786417	2700.656417	1584
2700.776417	2700.956417	1585
2701.136417	2702.126417	1586
2702.616417	2703.666417	1587
2703.816417	2705.246417	1588
2705.686417	2707.896417	1589
2708.316417	2709.326417	1590
2709.486417	2709.556417	1591
2709.666417	2709.906417	1592
2710.036417	2710.326417	1593
2710.516417	2710.596417	1594
2710.806417	2710.816417	1595
2710.936417	2711.436417	1596
2711.656417	2711.696417	1597
2711.966417	2713.136417	1598
2713.416417	2714.316417	1599
2714.466417	2715.846417	1600
2715.976417	2716.076417	1601
2716.206417	2717.126417	1602
2717.416417	2718.316417	1603
2718.796417	2720.156417	1604
2720.306417	2721.046417	1605
2721.246417	2724.166417	1606
2724.536417	2725.056417	1607
2725.206417	2725.816417	1608
2725.936417	2728.486417	1609
2728.636417	2731.116417	1610
2731.226417	2732.586417	1611
2732.886417	2733.996417	1612
2734.376417	2736.216417	1613
2736.456417	2738.076417	1614
2738.356417	2739.006417	1615
2739.196417	2739.206417	1616
2739.386417	2739.416417	1617
2739.586417	2740.026417	1618
2740.466417	2741.016417	1619
2741.376417	2741.416417	1620
2741.866417	2742.216417	1621
2742.406417	2744.736417	1622
2744.866417	2746.586417	1623
2746.716417	2747.646417	1624
2747.776417	2748.886417	1625
2749.046417	2749.386417	1626
2749.806417	2750.576417	1627
2750.796417	2750.806417	1628
2751.096417	2752.196417	1629
2752.786417	2753.676417	1630
2754.286417	2754.996417	1631
2755.336417	2756.726417	1632
2757.016417	2757.676417	1633
2757.936417	2760.376417	1634
2760.536417	2761.236417	1635
2761.426417	2761.436417	1636
2761.556417	2762.266417	1637
2762.496417	2762.506417	1638
2762.616417	2763.426417	1639
2763.916417	2764.396417	1640
2764.816417	2765.126417	1641
2765.256417	2766.116417	1642
2766.236417	2767.026417	1643
2767.156417	2767.626417	1644
2767.936417	2768.416417	1645
2768.586417	2768.646417	1646
2769.336417	2769.346417	1647
2769.526417	2769.536417	1648
2769.696417	2770.366417	1649
2771.296417	2771.886417	1650
2772.966417	2773.426417	1651
2773.566417	2774.136417	1652
2774.306417	2777.336417	1653
2777.526417	2777.756417	1654
2777.886417	2778.096417	1655
2778.556417	2779.716417	1656
2779.866417	2780.026417	1657
2780.206417	2780.416417	1658
2780.846417	2781.566417	1659
2782.076417	2782.686417	1660
2782.986417	2782.996417	1661
2783.186417	2785.246417	1662
2785.536417	2786.546417	1663
2787.036417	2787.946417	1664
2788.106417	2788.286417	1665
2788.426417	2789.436417	1666
2789.766417	2789.776417	1667
2789.906417	2791.326417	1668
2791.706417	2791.726417	1669
2791.876417	2792.286417	1670
2792.766417	2793.236417	1671
2793.576417	2794.286417	1672
2794.546417	2794.876417	1673
2795.336417	2797.116417	1674
2797.876417	2798.266417	1675
2798.906417	2799.726417	1676
2800.136417	2800.146417	1677
2800.396417	2801.086417	1678
2801.386417	2801.456417	1679
2801.766417	2801.796417	1680
2802.066417	2802.676417	1681
2803.226417	2803.666417	1682
2803.776417	2806.466417	1683
2806.986417	2806.996417	1684
2807.166417	2807.186417	1685
2807.336417	2807.416417	1686
2807.536417	2807.756417	1687
2808.066417	2808.076417	1688
2808.616417	2808.626417	1689
2808.756417	2808.916417	1690
2809.056417	2809.196417	1691
2810.186417	2810.866417	1692
2811.436417	2811.506417	1693
2811.716417	2812.376417	1694
2812.606417	2812.616417	1695
2812.806417	2814.566417	1696
2815.376417	2815.896417	1697
2816.056417	2816.696417	1698
2816.966417	2817.296417	1699
2817.486417	2818.076417	1700
2818.666417	2820.296417	1701
2820.846417	2821.446417	1702
2821.566417	2821.626417	1703
2821.946417	2823.346417	1704
2823.756417	2825.656417	1705
2825.796417	2825.916417	1706
2826.116417	2826.766417	1707
2826.986417	2828.856417	1708
2829.086417	2829.216417	1709
2829.386417	2832.096417	1710
2832.526417	2834.376417	1711
2834.506417	2837.666417	1712
2837.846417	2837.856417	1713
2838.016417	2839.246417	1714
2839.366417	2839.486417	1715
2839.756417	2840.446417	1716
2840.606417	2841.256417	1717
2841.366417	2841.526417	1718
2841.706417	2841.726417	1719
2841.896417	2843.246417	1720
2843.646417	2844.056417	1721
2844.446417	2844.486417	1722
2844.816417	2846.006417	1723
2846.156417	2846.256417	1724
2846.416417	2847.156417	1725
2847.756417	2848.656417	1726
2849.286417	2850.096417	1727
2850.226417	2850.236417	1728
2850.366417	2851.366417	1729
2851.576417	2851.696417	1730
2851.806417	2853.136417	1731
2853.286417	2853.296417	1732
2853.416417	2853.426417	1733
2853.616417	2854.386417	1734
2854.596417	2854.646417	1735
2854.756417	2855.466417	1736
2855.606417	2856.936417	1737
2857.096417	2857.106417	1738
2857.246417	2858.846417	1739
2859.046417	2860.346417	1740
2860.686417	2860.926417	1741
2861.046417	2861.896417	1742
2862.006417	2862.826417	1743
2862.936417	2864.016417	1744
2864.266417	2864.286417	1745
2864.476417	2864.966417	1746
2865.076417	2865.106417	1747
2865.356417	2865.926417	1748
2866.126417	2866.526417	1749
2866.936417	2867.456417	1750
2867.616417	2868.336417	1751
2868.446417	2870.026417	1752
2870.156417	2870.266417	1753
2870.436417	2871.346417	1754
2871.506417	2871.516417	1755
2871.646417	2872.676417	1756
2872.836417	2874.916417	1757
2875.086417	2876.756417	1758
2876.886417	2876.896417	1759
2877.056417	2877.476417	1760
2877.676417	2878.136417	1761
2878.326417	2878.886417	1762
2879.006417	2879.816417	1763
2879.946417	2880.916417	1764
2881.176417	2881.896417	1765
2882.036417	2883.516417	1766
2883.626417	2884.306417	1767
2884.516417	2886.446417	1768
2886.576417	2890.036417	1769
2890.146417	2890.396417	1770
2890.516417	2890.806417	1771
2891.046417	2893.386417	1772
2893.496417	2893.776417	1773
2893.886417	2895.306417	1774
2895.506417	2896.076417	1775
2896.306417	2896.356417	1776
2896.626417	2897.166417	1777
2897.306417	2897.546417	1778
2897.686417	2898.276417	1779
2898.596417	2899.206417	1780
2899.366417	2902.006417	1781
2902.306417	2902.326417	1782
2902.596417	2903.146417	1783
2903.266417	2905.036417	1784
2905.206417	2906.226417	1785
2906.586417	2906.636417	1786
2906.776417	2907.276417	1787
2907.396417	2907.406417	1788
2907.826417	2907.946417	1789
2908.066417	2908.076417	1790
2908.336417	2909.056417	1791
2909.536417	2909.576417	1792
2909.886417	2911.426417	1793
2911.686417	2912.446417	1794
2912.616417	2912.646417	1795
2913.016417	2913.516417	1796
2913.826417	2913.836417	1797
2913.946417	2914.326417	1798
2914.736417	2914.956417	1799
2915.296417	2915.546417	1800
2915.766417	2916.946417	1801
2917.106417	2917.356417	1802
2917.536417	2919.196417	1803
2919.306417	2919.856417	1804
2919.986417	2923.436417	1805
2923.566417	2924.946417	1806
2925.146417	2925.156417	1807
2925.326417	2925.966417	1808
2926.076417	2926.286417	1809
2926.396417	2927.266417	1810
2927.536417	2928.086417	1811
2928.246417	2928.306417	1812
2928.506417	2929.466417	1813
2929.756417	2929.796417	1814
2929.966417	2932.786417	1815
2932.976417	2933.176417	1816
2933.306417	2933.746417	1817
2933.986417	2933.996417	1818
2934.136417	2934.586417	1819
2935.366417	2935.836417	1820
2936.236417	2936.246417	1821
2936.446417	2937.146417	1822
2937.396417	2937.406417	1823
2938.166417	2938.476417	1824
2938.736417	2938.766417	1825
2939.006417	2939.196417	1826
2939.386417	2939.676417	1827
2939.796417	2940.526417	1828
2940.886417	2940.966417	1829
2941.146417	2941.186417	1830
2941.296417	2942.236417	1831
2942.626417	2944.116417	1832
2944.296417	2944.896417	1833
2945.166417	2945.206417	1834
2945.356417	2946.606417	1835
2946.926417	2946.936417	1836
2947.196417	2948.126417	1837
2948.436417	2948.536417	1838
2948.646417	2948.666417	1839
2948.916417	2949.756417	1840
2949.986417	2950.026417	1841
2950.256417	2950.266417	1842
2950.386417	2950.396417	1843
2950.516417	2951.756417	1844
2952.406417	2953.006417	1845
2953.676417	2955.946417	1846
2956.276417	2956.616417	1847
2956.946417	2957.336417	1848
2957.756417	2959.376417	1849
2959.716417	2960.576417	1850
2960.826417	2961.386417	1851
2961.606417	2963.506417	1852
2963.646417	2963.676417	1853
2963.976417	2964.606417	1854
2964.726417	2964.736417	1855
2964.986417	2965.256417	1856
2965.836417	2966.146417	1857
2966.326417	2966.476417	1858
2966.626417	2967.296417	1859
2967.986417	2968.436417	1860
2969.666417	2970.486417	1861
2970.786417	2971.636417	1862
2972.386417	2972.856417	1863
2973.186417	2973.686417	1864
2974.276417	2974.896417	1865
2975.756417	2976.056417	1866
2976.616417	2976.626417	1867
2977.226417	2977.596417	1868
2977.906417	2977.916417	1869
2978.546417	2978.556417	1870
2978.786417	2979.626417	1871
2980.166417	2980.696417	1872
2981.446417	2982.286417	1873
2982.426417	2982.896417	1874
2983.416417	2983.486417	1875
2983.746417	2983.756417	1876
2984.116417	2984.126417	1877
2984.556417	2985.906417	1878
2986.056417	2986.066417	1879
2986.466417	2986.496417	1880
2986.656417	2987.016417	1881
2987.896417	2988.406417	1882
2989.036417	2992.806417	1883
2992.926417	2994.696417	1884
2995.086417	2995.516417	1885
2995.696417	2995.706417	1886
2995.816417	2996.426417	1887
2996.836417	2997.246417	1888
2997.716417	2998.096417	1889
2998.516417	2998.936417	1890
2999.746417	3000.126417	1891
3000.636417	3000.646417	1892
3000.926417	3001.446417	1893
3001.576417	3001.586417	1894
3001.926417	3001.936417	1895
3002.406417	3003.256417	1896
3003.636417	3003.646417	1897
3003.846417	3003.866417	1898
3004.066417	3004.076417	1899
3004.516417	3005.466417	1900
3005.646417	3005.656417	1901
3005.996417	3006.006417	1902
3006.416417	3007.306417	1903
3007.496417	3007.506417	1904
3007.936417	3008.656417	1905
3009.276417	3009.696417	1906
3010.066417	3010.086417	1907
3010.296417	3010.746417	1908
3010.926417	3010.936417	1909
3011.566417	3011.576417	1910
3011.836417	3011.976417	1911
3012.096417	3012.646417	1912
3013.536417	3014.516417	1913
3015.426417	3017.216417	1914
3017.676417	3018.076417	1915
3018.696417	3019.106417	1916
3019.496417	3020.566417	1917
3020.856417	3021.426417	1918
3021.776417	3022.386417	1919
3022.826417	3024.526417	1920
3024.776417	3025.366417	1921
3025.736417	3026.876417	1922
3027.376417	3028.216417	1923
3028.446417	3028.496417	1924
3028.616417	3029.306417	1925
3029.716417	3031.506417	1926
3031.746417	3033.076417	1927
3033.416417	3034.936417	1928
3035.346417	3036.016417	1929
3036.206417	3036.246417	1930
3036.686417	3037.096417	1931
3037.486417	3040.046417	1932
3040.236417	3042.726417	1933
3043.276417	3043.726417	1934
3044.066417	3044.576417	1935
3045.496417	3046.386417	1936
3046.626417	3046.636417	1937
3046.886417	3047.746417	1938
3048.286417	3049.596417	1939
3049.726417	3051.096417	1940
3051.206417	3052.086417	1941
3052.196417	3052.606417	1942
3052.956417	3053.436417	1943
3053.746417	3054.826417	1944
3055.146417	3056.006417	1945
3056.116417	3057.256417	1946
3057.586417	3058.176417	1947
3058.396417	3058.406417	1948
3058.546417	3059.376417	1949
3059.566417	3059.576417	1950
3060.046417	3060.346417	1951
3060.846417	3061.336417	1952
3061.486417	3061.546417	1953
3061.916417	3061.946417	1954
3062.136417	3062.166417	1955
3062.346417	3062.366417	1956
3062.536417	3063.356417	1957
3063.636417	3065.196417	1958
3065.346417	3065.396417	1959
3065.546417	3067.126417	1960
3067.556417	3067.946417	1961
3068.136417	3068.156417	1962
3068.296417	3068.436417	1963
3068.556417	3069.036417	1964
3069.206417	3069.356417	1965
3069.546417	3069.906417	1966
3070.076417	3070.946417	1967
3071.136417	3071.166417	1968
3071.346417	3071.806417	1969
3072.206417	3072.726417	1970
3072.956417	3073.006417	1971
3073.236417	3073.586417	1972
3073.926417	3073.936417	1973
3074.166417	3074.576417	1974
3074.836417	3075.876417	1975
3076.066417	3076.146417	1976
3076.316417	3077.066417	1977
3077.346417	3077.396417	1978
3077.616417	3077.736417	1979
3077.996417	3078.026417	1980
3078.206417	3078.226417	1981
3078.386417	3080.646417	1982
3081.336417	3081.636417	1983
3082.556417	3083.236417	1984
3083.806417	3084.376417	1985
3085.196417	3086.056417	1986
3086.726417	3087.236417	1987
3087.416417	3087.586417	1988
3087.816417	3088.446417	1989
3089.376417	3089.486417	1990
3090.636417	3091.286417	1991
3091.946417	3092.176417	1992
3093.056417	3093.926417	1993
3094.436417	3096.166417	1994
3096.446417	3096.686417	1995
3096.916417	3097.846417	1996
3098.016417	3099.196417	1997
3099.536417	3100.026417	1998
3100.236417	3100.266417	1999
3100.476417	3101.066417	2000
3101.926417	3103.496417	2001
3103.866417	3104.816417	2002
3105.136417	3105.836417	2003
3105.946417	3106.086417	2004
3106.626417	3108.206417	2005
3108.426417	3108.496417	2006
3108.676417	3109.156417	2007
3109.626417	3109.846417	2008
3110.256417	3111.326417	2009
3111.636417	3111.656417	2010
3111.796417	3112.916417	2011
3113.106417	3113.116417	2012
3113.246417	3115.056417	2013
3115.336417	3115.346417	2014
3115.636417	3116.056417	2015
3116.226417	3116.256417	2016
3116.366417	3116.386417	2017
3116.656417	3117.036417	2018
3117.146417	3117.236417	2019
3117.406417	3117.656417	2020
3118.446417	3118.856417	2021
3119.456417	3119.756417	2022
3120.346417	3120.786417	2023
3121.786417	3121.906417	2024
3122.056417	3122.156417	2025
3123.146417	3123.906417	2026
3124.716417	3125.606417	2027
3127.056417	3128.256417	2028
3128.746417	3130.046417	2029
3131.066417	3131.816417	2030
3132.406417	3133.946417	2031
3134.536417	3135.286417	2032
3135.966417	3136.556417	2033
3136.926417	3136.936417	2034
3137.166417	3138.676417	2035
3139.056417	3139.426417	2036
3139.726417	3140.626417	2037
3141.126417	3141.616417	2038
3142.256417	3142.566417	2039
3143.246417	3143.606417	2040
3144.116417	3144.466417	2041
3144.636417	3145.576417	2042
3145.706417	3145.716417	2043
3146.016417	3146.696417	2044
3146.806417	3147.146417	2045
3147.256417	3147.336417	2046
3147.686417	3149.536417	2047
3150.056417	3150.536417	2048
3150.696417	3150.856417	2049
3151.046417	3152.016417	2050
3153.856417	3153.956417	2051
3154.496417	3155.146417	2052
3155.556417	3156.536417	2053
3157.366417	3157.666417	2054
3158.106417	3158.976417	2055
3159.596417	3159.756417	2056
3159.966417	3160.006417	2057
3160.196417	3160.916417	2058
3161.316417	3161.326417	2059
3161.516417	3162.506417	2060
3162.926417	3163.446417	2061
3163.846417	3164.176417	2062
3164.456417	3165.306417	2063
3165.506417	3165.516417	2064
3165.786417	3166.416417	2065
3166.576417	3167.426417	2066
3168.076417	3168.626417	2067
3169.416417	3169.716417	2068
3170.796417	3171.616417	2069
3172.346417	3172.486417	2070
3172.676417	3173.396417	2071
3174.516417	3175.026417	2072
3175.616417	3175.646417	2073
3176.356417	3177.456417	2074
3178.366417	3178.706417	2075
3178.816417	3179.036417	2076
3179.166417	3179.546417	2077
3179.956417	3181.226417	2078
3181.836417	3182.366417	2079
3182.496417	3182.576417	2080
3183.226417	3183.376417	2081
3183.536417	3184.986417	2082
3185.106417	3185.356417	2083
3186.096417	3186.556417	2084
3187.166417	3187.516417	2085
3188.166417	3188.586417	2086
3189.366417	3191.146417	2087
3191.636417	3191.646417	2088
3192.036417	3192.616417	2089
3193.676417	3194.526417	2090
3194.706417	3194.986417	2091
3195.246417	3195.986417	2092
3196.166417	3198.446417	2093
3198.566417	3198.726417	2094
3198.856417	3200.116417	2095
3200.696417	3202.156417	2096
3202.506417	3205.096417	2097
3205.216417	3205.576417	2098
3205.726417	3206.156417	2099
3206.336417	3206.666417	2100
3207.106417	3208.026417	2101
3208.186417	3208.196417	2102
3209.036417	3209.526417	2103
3210.626417	3211.326417	2104
3211.496417	3211.586417	2105
3211.706417	3211.806417	2106
3211.996417	3212.416417	2107
3213.206417	3213.546417	2108
3214.746417	3215.086417	2109
3216.186417	3217.016417	2110
3217.816417	3219.556417	2111
3219.676417	3220.566417	2112
3220.726417	3220.736417	2113
3220.956417	3222.506417	2114
3222.636417	3223.076417	2115
3223.666417	3225.336417	2116
3225.736417	3227.126417	2117
3227.616417	3227.626417	2118
3227.856417	3228.426417	2119
3229.106417	3230.156417	2120
3230.266417	3230.276417	2121
3230.526417	3230.606417	2122
3230.786417	3231.576417	2123
3231.746417	3232.016417	2124
3232.206417	3232.936417	2125
3233.136417	3233.146417	2126
3234.006417	3234.966417	2127
3235.126417	3236.556417	2128
3236.726417	3237.236417	2129
3237.346417	3237.666417	2130
3238.266417	3238.286417	2131
3238.526417	3239.516417	2132
3239.626417	3239.636417	2133
3239.756417	3239.766417	2134
3240.596417	3240.616417	2135
3240.856417	3242.116417	2136
3242.406417	3242.426417	2137
3243.956417	3243.976417	2138
3244.476417	3246.066417	2139
3246.676417	3246.836417	2140
3247.096417	3248.996417	2141
3249.536417	3249.836417	2142
3250.376417	3252.676417	2143
3253.006417	3254.066417	2144
3254.376417	3255.296417	2145
3255.416417	3255.736417	2146
3256.236417	3257.936417	2147
3258.046417	3259.086417	2148
3259.456417	3261.386417	2149
3261.876417	3262.396417	2150
3262.516417	3263.686417	2151
3264.376417	3264.756417	2152
3264.866417	3267.366417	2153
3267.826417	3268.566417	2154
3268.686417	3268.776417	2155
3268.966417	3269.606417	2156
3269.736417	3269.826417	2157
3270.666417	3272.086417	2158
3272.596417	3274.096417	2159
3274.286417	3274.466417	2160
3274.606417	3278.626417	2161
3278.876417	3280.206417	2162
3280.856417	3281.296417	2163
3282.166417	3282.186417	2164
3282.586417	3282.946417	2165
3283.476417	3283.496417	2166
3283.646417	3284.806417	2167
3285.376417	3285.426417	2168
3285.626417	3285.876417	2169
3286.876417	3286.916417	2170
3287.036417	3289.516417	2171
3289.636417	3290.196417	2172
3290.306417	3290.796417	2173
3291.196417	3291.426417	2174
3291.536417	3292.106417	2175
3292.706417	3293.366417	2176
3294.026417	3295.586417	2177
3295.706417	3295.726417	2178
3295.876417	3295.896417	2179
3296.036417	3298.036417	2180
3298.166417	3298.316417	2181
3298.426417	3299.986417	2182
3300.306417	3300.506417	2183
3300.626417	3300.826417	2184
3301.006417	3301.676417	2185
3301.876417	3301.986417	2186
3302.196417	3304.126417	2187
3304.286417	3305.386417	2188
3305.856417	3306.716417	2189
3306.876417	3306.956417	2190
3307.126417	3307.506417	2191
3307.686417	3309.776417	2192
3310.176417	3310.546417	2193
3310.786417	3311.146417	2194
3311.396417	3311.406417	2195
3311.536417	3312.576417	2196
3312.916417	3313.976417	2197
3314.106417	3315.206417	2198
3315.376417	3315.416417	2199
3315.666417	3318.386417	2200
3318.556417	3318.926417	2201
3319.246417	3319.316417	2202
3319.426417	3321.436417	2203
3321.736417	3322.266417	2204
3322.876417	3325.256417	2205
3325.626417	3326.166417	2206
3326.296417	3326.366417	2207
3326.596417	3326.616417	2208
3326.776417	3327.626417	2209
3327.836417	3327.926417	2210
3328.056417	3329.286417	2211
3329.476417	3330.116417	2212
3330.376417	3330.876417	2213
3331.156417	3331.166417	2214
3331.376417	3333.176417	2215
3333.376417	3335.016417	2216
3335.426417	3335.926417	2217
3336.376417	3336.446417	2218
3336.576417	3336.856417	2219
3337.136417	3338.376417	2220
3338.486417	3339.076417	2221
3339.376417	3340.226417	2222
3340.336417	3341.926417	2223
3342.346417	3343.076417	2224
3343.436417	3344.366417	2225
3344.476417	3344.836417	2226
3345.036417	3345.136417	2227
3345.306417	3347.096417	2228
3347.246417	3351.526417	2229
3352.066417	3352.756417	2230
3352.866417	3352.916417	2231
3353.106417	3353.166417	2232
3353.316417	3357.686417	2233
3358.156417	3358.496417	2234
3358.856417	3360.246417	2235
3360.376417	3360.426417	2236
3360.556417	3362.036417	2237
3362.146417	3365.586417	2238
3365.726417	3367.076417	2239
3367.306417	3367.316417	2240
3367.566417	3368.246417	2241
3368.416417	3369.866417	2242
3370.216417	3371.816417	2243
3372.046417	3372.056417	2244
3372.176417	3372.736417	2245
3372.846417	3375.916417	2246
3376.086417	3376.976417	2247
3377.146417	3377.206417	2248
3377.376417	3377.496417	2249
3377.606417	3379.116417	2250
3379.376417	3379.666417	2251
3379.786417	3381.846417	2252
3381.966417	3382.596417	2253
3382.736417	3382.746417	2254
3382.876417	3382.946417	2255
3383.326417	3386.716417	2256
3387.056417	3387.086417	2257
3387.196417	3387.916417	2258
3388.106417	3388.116417	2259
3388.556417	3391.096417	2260
3391.626417	3393.526417	2261
3393.766417	3393.796417	2262
3393.956417	3394.916417	2263
3395.046417	3395.146417	2264
3395.296417	3395.356417	2265
3395.686417	3396.616417	2266
3396.756417	3399.166417	2267
3399.306417	3400.416417	2268
3400.706417	3401.056417	2269
3401.336417	3403.586417	2270
3403.706417	3413.256417	2271
3413.366417	3417.216417	2272
3417.326417	3419.996417	2273
3420.126417	3420.186417	2274
3420.366417	3421.686417	2275
3421.836417	3421.916417	2276
3422.056417	3422.206417	2277
3422.336417	3422.376417	2278
