START		STOP		LABEL
4.220000	4.770000	1
4.980000	7.670000	2
7.900000	10.620000	3
11.030000	13.430000	4
13.710000	14.920000	5
15.340000	17.320000	6
17.710000	18.760000	7
19.280000	19.660000	8
20.080000	22.230000	9
22.520000	24.510000	10
24.950000	26.480000	11
26.950000	27.300000	12
27.610000	29.390000	13
29.830000	31.040000	14
31.400000	34.010000	15
34.360000	35.860000	16
36.280000	37.530000	17
38.320000	39.980000	18
40.260000	41.810000	19
42.130000	42.870000	20
43.200000	44.810000	21
45.200000	45.880000	22
46.120000	48.180000	23
48.510000	48.620000	24
48.990000	54.370000	25
54.630000	54.810000	26
55.310000	55.710000	27
56.020000	57.230000	28
57.610000	57.830000	29
58.090000	59.550000	30
59.780000	60.460000	31
61.110000	66.590000	32
67.830000	68.470000	33
68.720000	71.290000	34
71.520000	71.730000	35
72.040000	72.170000	36
72.530000	72.900000	37
73.270000	74.640000	38
74.880000	75.660000	39
76.070000	76.950000	40
77.710000	80.060000	41
80.310000	82.390000	42
82.690000	83.590000	43
83.920000	85.400000	44
86.450000	86.700000	45
86.960000	87.560000	46
88.220000	91.810000	47
93.230000	93.740000	48
94.270000	94.760000	49
95.730000	95.780000	50
96.060000	99.140000	51
99.570000	100.340000	52
101.120000	101.580000	53
102.310000	102.770000	54
103.610000	104.070000	55
104.460000	108.820000	56
109.330000	109.540000	57
109.910000	110.950000	58
111.200000	112.120000	59
113.120000	113.640000	60
114.070000	114.450000	61
115.050000	115.240000	62
115.860000	115.970000	63
116.180000	120.250000	64
120.760000	121.740000	65
122.560000	123.900000	66
124.930000	125.590000	67
126.470000	126.630000	68
126.960000	128.980000	69
129.240000	129.430000	70
129.730000	130.270000	71
130.620000	131.040000	72
131.650000	132.610000	73
132.860000	133.660000	74
134.500000	135.370000	75
135.820000	137.420000	76
138.060000	139.250000	77
139.460000	140.340000	78
141.200000	142.240000	79
142.450000	143.630000	80
144.140000	144.870000	81
145.370000	146.420000	82
146.670000	147.690000	83
148.190000	148.790000	84
149.220000	149.340000	85
149.620000	150.190000	86
151.120000	153.450000	87
154.420000	154.560000	88
154.780000	155.010000	89
155.560000	156.020000	90
156.880000	158.390000	91
159.350000	161.510000	92
163.120000	163.480000	93
165.020000	165.560000	94
167.190000	167.230000	95
167.450000	169.080000	96
170.360000	170.480000	97
170.740000	171.140000	98
171.970000	172.350000	99
173.270000	173.670000	100
174.480000	174.980000	101
175.240000	175.630000	102
175.850000	176.540000	103
177.140000	178.780000	104
180.000000	181.300000	105
182.230000	183.000000	106
183.300000	184.210000	107
184.740000	185.350000	108
185.720000	190.330000	109
191.030000	192.430000	110
192.860000	193.250000	111
193.610000	193.770000	112
194.100000	195.100000	113
195.390000	196.560000	114
196.800000	198.450000	115
198.890000	200.140000	116
200.370000	201.930000	117
202.260000	204.120000	118
204.700000	206.380000	119
207.160000	207.340000	120
208.270000	209.240000	121
209.520000	210.060000	122
211.920000	212.880000	123
213.130000	214.490000	124
214.700000	215.090000	125
215.310000	215.610000	126
216.270000	216.820000	127
217.110000	217.630000	128
219.570000	219.750000	129
220.140000	223.800000	130
224.150000	224.910000	131
226.360000	227.310000	132
227.550000	227.730000	133
229.430000	231.270000	134
232.710000	232.940000	135
233.180000	233.770000	136
234.900000	236.370000	137
237.390000	238.870000	138
239.110000	239.630000	139
240.230000	241.390000	140
242.320000	242.520000	141
243.510000	243.550000	142
243.960000	245.150000	143
245.580000	247.450000	144
247.730000	248.110000	145
249.080000	249.640000	146
249.990000	250.670000	147
251.230000	251.900000	148
252.220000	252.790000	149
253.080000	253.290000	150
253.960000	255.210000	151
255.680000	256.180000	152
256.730000	257.480000	153
258.440000	258.810000	154
259.510000	259.830000	155
260.540000	260.850000	156
261.700000	261.980000	157
262.520000	263.010000	158
263.270000	263.600000	159
264.260000	265.260000	160
265.780000	265.890000	161
266.130000	267.930000	162
268.330000	269.390000	163
269.920000	274.420000	164
275.160000	275.650000	165
275.870000	276.590000	166
277.000000	278.000000	167
278.320000	280.530000	168
280.810000	281.160000	169
281.620000	281.760000	170
282.080000	285.360000	171
285.580000	286.760000	172
287.260000	288.270000	173
288.830000	289.420000	174
290.600000	292.380000	175
292.850000	294.290000	176
294.580000	295.650000	177
296.020000	296.450000	178
297.140000	297.260000	179
297.720000	299.580000	180
300.880000	301.040000	181
301.250000	301.620000	182
301.910000	302.550000	183
303.140000	304.130000	184
304.430000	305.220000	185
305.720000	308.370000	186
308.850000	308.930000	187
309.170000	309.990000	188
310.510000	311.190000	189
311.580000	311.940000	190
312.190000	315.780000	191
316.190000	318.280000	192
319.330000	319.460000	193
319.860000	320.150000	194
320.390000	321.550000	195
324.270000	324.660000	196
325.330000	325.680000	197
326.300000	326.600000	198
327.230000	328.480000	199
328.710000	328.840000	200
329.960000	331.750000	201
332.400000	335.830000	202
336.420000	339.720000	203
339.930000	340.250000	204
341.510000	341.530000	205
342.310000	343.750000	206
343.980000	345.190000	207
346.570000	346.710000	208
347.260000	351.550000	209
352.650000	354.920000	210
355.140000	358.740000	211
359.340000	359.390000	212
359.630000	360.890000	213
361.410000	361.820000	214
362.370000	362.950000	215
363.840000	364.530000	216
364.920000	366.210000	217
366.440000	367.590000	218
368.170000	369.150000	219
370.410000	370.690000	220
371.310000	372.200000	221
372.450000	372.750000	222
373.290000	373.740000	223
375.150000	376.210000	224
376.890000	377.970000	225
378.210000	378.960000	226
379.780000	379.830000	227
380.090000	380.460000	228
381.680000	382.160000	229
383.080000	383.930000	230
384.790000	385.240000	231
386.040000	387.180000	232
387.420000	387.710000	233
388.300000	389.680000	234
390.370000	394.510000	235
394.750000	396.100000	236
396.570000	399.050000	237
399.510000	400.230000	238
400.710000	403.570000	239
403.860000	405.540000	240
405.940000	406.570000	241
406.840000	409.430000	242
409.720000	411.200000	243
411.810000	411.990000	244
412.220000	413.280000	245
413.520000	413.770000	246
414.410000	415.310000	247
415.760000	416.560000	248
416.810000	418.090000	249
418.850000	419.850000	250
420.770000	421.580000	251
422.870000	423.960000	252
424.840000	426.250000	253
427.520000	427.840000	254
428.050000	428.830000	255
429.840000	431.240000	256
431.470000	432.990000	257
434.750000	439.010000	258
439.250000	440.580000	259
440.790000	441.440000	260
442.510000	442.520000	261
443.350000	445.590000	262
445.900000	446.340000	263
446.670000	447.320000	264
448.370000	448.450000	265
448.690000	452.870000	266
453.270000	453.970000	267
454.720000	455.110000	268
455.830000	456.160000	269
456.900000	457.280000	270
457.680000	458.150000	271
458.650000	459.660000	272
460.450000	462.840000	273
463.460000	463.480000	274
463.790000	465.160000	275
465.950000	466.610000	276
467.020000	468.100000	277
468.370000	470.510000	278
471.390000	473.040000	279
473.570000	474.620000	280
475.290000	476.250000	281
476.970000	478.310000	282
479.000000	479.170000	283
479.390000	479.960000	284
480.830000	481.280000	285
481.700000	482.950000	286
483.520000	484.550000	287
484.820000	484.830000	288
485.050000	485.310000	289
486.350000	486.420000	290
486.670000	486.850000	291
488.470000	490.440000	292
491.440000	493.240000	293
493.740000	496.370000	294
497.030000	498.330000	295
498.850000	501.630000	296
502.160000	503.250000	297
504.870000	505.300000	298
505.800000	506.750000	299
507.760000	508.670000	300
509.010000	510.660000	301
511.000000	513.140000	302
514.410000	514.670000	303
515.770000	516.090000	304
516.860000	518.540000	305
519.380000	520.330000	306
520.670000	521.270000	307
521.720000	523.590000	308
524.190000	525.990000	309
526.880000	527.000000	310
527.840000	530.040000	311
530.510000	531.960000	312
532.650000	534.210000	313
534.700000	535.730000	314
537.020000	540.980000	315
541.510000	544.440000	316
546.130000	548.780000	317
549.320000	550.410000	318
551.060000	552.240000	319
552.880000	553.430000	320
553.970000	555.870000	321
556.400000	557.710000	322
558.690000	559.770000	323
560.200000	560.270000	324
560.480000	561.060000	325
562.690000	562.720000	326
563.040000	563.740000	327
564.430000	565.720000	328
566.270000	567.240000	329
567.640000	568.060000	330
569.030000	569.430000	331
569.810000	570.110000	332
571.820000	571.880000	333
572.150000	573.520000	334
574.390000	576.100000	335
576.790000	577.780000	336
579.050000	579.130000	337
579.380000	579.520000	338
580.040000	581.740000	339
582.900000	582.950000	340
583.200000	583.490000	341
584.340000	584.660000	342
585.420000	585.970000	343
586.180000	586.590000	344
587.140000	588.000000	345
588.400000	589.070000	346
589.470000	592.210000	347
593.560000	594.370000	348
594.610000	596.390000	349
596.650000	597.090000	350
597.430000	599.690000	351
600.170000	602.090000	352
602.730000	603.800000	353
604.010000	604.500000	354
605.800000	607.160000	355
607.420000	609.340000	356
609.650000	610.870000	357
611.710000	615.080000	358
615.800000	619.915137	359
620.090000	620.160000	360
620.900000	623.560000	361
623.790000	624.600000	362
624.960000	625.350000	363
625.630000	626.010000	364
626.230000	628.040000	365
628.260000	629.150000	366
629.380000	630.190000	367
630.610000	632.020000	368
632.370000	634.270000	369
634.750000	635.110000	370
635.410000	636.910000	371
637.190000	637.750000	372
638.260000	638.850000	373
639.690000	641.460000	374
642.084351	644.040000	375
644.620000	645.280000	376
646.080000	646.740000	377
647.360000	647.780000	378
648.870000	650.050000	379
650.650000	651.160000	380
651.400000	651.700000	381
652.580000	653.200000	382
653.970000	654.520000	383
654.760000	654.850000	384
655.250000	655.560000	385
657.190000	659.000000	386
659.760000	660.090000	387
660.730000	661.040000	388
661.790000	662.060000	389
662.580000	662.900000	390
663.260000	664.930000	391
665.550000	665.600000	392
666.080000	666.640000	393
666.940000	668.190000	394
668.400000	669.170000	395
669.530000	670.450000	396
672.610000	673.750000	397
674.560000	675.150000	398
675.620000	675.890000	399
676.500000	678.110000	400
678.830000	679.100000	401
680.130000	680.580000	402
680.790000	682.740000	403
682.970000	684.020000	404
684.600000	686.830000	405
687.040000	687.260000	406
689.390000	690.380000	407
690.610000	690.630000	408
691.680000	691.790000	409
692.170000	692.220000	410
692.580000	693.100000	411
693.700000	694.570000	412
694.820000	695.190000	413
695.710000	696.060000	414
697.480000	698.010000	415
698.220000	700.050000	416
700.320000	700.470000	417
701.830000	701.840000	418
702.370000	702.830000	419
704.980000	706.170000	420
706.440000	706.520000	421
706.850000	707.130000	422
707.860000	708.950000	423
710.030000	711.040000	424
711.860000	712.170000	425
712.930000	713.300000	426
714.200000	714.550000	427
715.250000	715.660000	428
716.130000	717.810000	429
718.780000	722.440000	430
722.890000	723.190000	431
723.410000	725.130000	432
725.520000	725.710000	433
726.010000	726.360000	434
727.620000	728.090000	435
728.330000	729.080000	436
729.930000	730.500000	437
731.960000	733.280000	438
733.640000	733.970000	439
734.180000	734.300000	440
735.780000	736.710000	441
737.150000	737.320000	442
738.390000	738.490000	443
738.710000	741.460000	444
742.070000	742.590000	445
743.900000	744.610000	446
745.580000	746.140000	447
746.550000	748.470000	448
749.160000	751.460000	449
751.740000	751.940000	450
752.380000	753.190000	451
754.390000	754.470000	452
754.680000	755.470000	453
757.190000	757.440000	454
758.800000	759.490000	455
759.990000	760.320000	456
762.480000	763.420000	457
764.840000	765.470000	458
766.570000	767.020000	459
767.850000	768.150000	460
768.990000	773.470000	461
773.970000	777.410000	462
777.780000	778.360000	463
779.110000	779.430000	464
780.030000	780.780000	465
781.130000	781.470000	466
782.090000	783.120000	467
783.490000	785.880000	468
786.350000	788.760000	469
789.710000	789.730000	470
790.150000	790.980000	471
791.580000	791.620000	472
791.860000	792.767245	473
792.930000	793.030000	474
794.540000	794.700000	475
794.980000	796.740000	476
796.960000	797.540000	477
798.230000	798.290000	478
798.510000	798.840000	479
800.400000	800.610000	480
800.820000	802.680000	481
803.030000	804.850000	482
805.230000	806.120000	483
806.510000	807.340000	484
807.860000	808.910000	485
809.580000	810.950000	486
811.500000	812.840000	487
813.070000	814.290000	488
814.760000	814.960000	489
815.370000	815.500000	490
815.740000	817.280000	491
818.300000	819.070000	492
819.950000	820.180000	493
820.940000	821.280000	494
821.960000	822.290000	495
822.900000	825.410000	496
826.480000	829.620000	497
830.080000	830.230000	498
830.460000	831.780000	499
832.470000	833.480000	500
834.640000	835.820000	501
836.410000	839.100000	502
839.530000	841.220000	503
841.510000	842.570000	504
843.220000	845.020000	505
846.610000	847.070000	506
848.230000	849.310000	507
849.590000	850.210000	508
852.140000	852.340000	509
853.380000	854.850000	510
857.570000	858.390000	511
858.640000	861.100000	512
862.600000	863.160000	513
864.070000	865.180000	514
866.470000	867.210000	515
868.120000	868.410000	516
869.250000	869.520000	517
870.170000	870.510000	518
870.930000	871.180000	519
871.410000	871.660000	520
872.140000	873.180000	521
873.400000	875.300000	522
875.950000	876.090000	523
876.330000	876.820000	524
877.330000	877.900000	525
878.280000	878.760000	526
879.230000	879.490000	527
879.920000	880.440000	528
881.410000	882.363787	529
882.620000	884.400000	530
884.610000	887.150000	531
889.290000	891.400000	532
891.670000	896.180000	533
896.730000	897.150000	534
897.950000	899.300000	535
900.250000	900.740000	536
901.030000	901.380000	537
901.620000	901.750000	538
902.910000	903.030000	539
903.250000	903.520000	540
904.010000	904.540000	541
905.520000	906.160000	542
906.370000	908.440000	543
909.370000	910.810000	544
911.180000	911.690000	545
912.690000	912.850000	546
913.250000	914.490000	547
915.020000	916.640000	548
917.500000	918.370000	549
918.580000	919.030000	550
919.770000	920.580000	551
920.870000	921.700000	552
922.200000	923.150000	553
924.610000	924.730000	554
925.010000	925.150000	555
925.430000	925.750000	556
926.950000	927.370000	557
927.620000	927.760000	558
928.030000	928.370000	559
929.160000	929.460000	560
930.240000	930.520000	561
931.310000	931.620000	562
932.270000	932.740000	563
932.970000	933.540000	564
934.630000	938.410000	565
938.970000	940.070000	566
940.510000	941.800000	567
942.500000	943.140000	568
943.640000	944.740000	569
946.470000	946.990000	570
947.680000	947.800000	571
948.030000	948.300000	572
948.680000	949.400000	573
949.620000	950.250000	574
951.560000	951.600000	575
951.830000	952.070000	576
952.340000	952.880000	577
954.230000	955.060000	578
956.080000	957.720000	579
958.900000	959.040000	580
959.290000	959.420000	581
959.670000	959.680000	582
959.980000	961.370000	583
961.930000	963.040000	584
964.240000	964.630000	585
965.750000	966.840000	586
967.640000	970.160000	587
970.540000	971.650000	588
972.730000	973.370000	589
974.180000	975.070000	590
976.260000	976.840000	591
977.610000	977.850000	592
978.590000	978.920000	593
979.630000	979.880000	594
980.420000	983.830000	595
984.210000	985.070000	596
985.460000	986.740000	597
987.380000	988.630000	598
989.440000	990.020000	599
990.260000	991.580000	600
992.770000	994.030000	601
995.190000	996.190000	602
996.910000	997.510000	603
998.540000	998.890000	604
999.730000	1000.130000	605
1000.960000	1002.280000	606
1002.960000	1005.320000	607
1005.960000	1007.460000	608
1007.720000	1008.760000	609
1010.960000	1011.490000	610
1011.750000	1012.180000	611
1014.110000	1014.810000	612
1015.810000	1017.780000	613
1018.730000	1019.260000	614
1020.290000	1022.170000	615
1022.750000	1023.900000	616
1025.860000	1027.430000	617
1028.260000	1028.540000	618
1029.370000	1029.650000	619
1030.570000	1030.840000	620
1031.440000	1031.920000	621
1032.440000	1033.230000	622
1033.680000	1035.670000	623
1036.320000	1036.660000	624
1037.220000	1037.620000	625
1038.150000	1040.080000	626
1040.620000	1042.010000	627
1042.320000	1046.450000	628
1046.860000	1048.960000	629
1049.360000	1050.440000	630
1050.650000	1051.140000	631
1051.490000	1053.190000	632
1053.500000	1055.360000	633
1055.810000	1055.950000	634
