START		STOP 		LABEL
3.620000	3.630000	1
4.050000	9.940000	2
10.270000	16.410000	3
16.710000	19.550000	4
19.940000	25.490000	5
25.700000	28.270000	6
28.590000	30.000000	7
30.270000	34.770000	8
35.020000	35.610000	9
35.850000	38.680000	10
39.110000	41.900000	11
42.290000	46.780000	12
47.120000	49.030000	13
49.370000	50.180000	14
50.570000	53.250000	15
53.680000	55.100000	16
55.710000	58.410000	17
58.710000	59.460000	18
59.740000	61.880000	19
62.340000	63.140000	20
63.460000	64.250000	21
64.480000	65.410000	22
66.010000	67.090000	23
67.380000	69.110000	24
69.980000	71.940000	25
72.250000	76.940000	26
77.270000	81.290000	27
81.570000	82.280000	28
82.510000	85.130000	29
85.360000	87.470000	30
87.770000	88.270000	31
88.500000	89.730000	32
90.140000	91.620000	33
91.970000	95.050000	34
95.990000	97.560000	35
97.990000	99.400000	36
99.670000	100.950000	37
101.220000	102.900000	38
103.250000	106.790000	39
107.030000	107.040000	40
107.250000	108.130000	41
108.670000	110.920000	42
111.150000	111.390000	43
111.600000	111.720000	44
111.980000	112.020000	45
112.390000	116.140000	46
116.460000	118.760000	47
119.930000	121.800000	48
122.020000	123.170000	49
124.220000	126.270000	50
126.480000	127.510000	51
127.910000	129.390000	52
129.690000	130.520000	53
130.890000	131.150000	54
131.500000	133.490000	55
134.951079	137.870000	56
138.300000	139.870000	57
140.120000	140.130000	58
140.420000	141.110000	59
141.840000	143.630000	60
144.260000	147.280000	61
148.100000	149.540000	62
150.170000	150.770000	63
151.660000	152.580000	64
153.330000	155.120000	65
155.430000	157.900000	66
158.300000	159.520000	67
160.000000	161.880000	68
162.480000	164.720000	69
165.040000	166.040000	70
166.290000	168.440000	71
168.830000	169.710000	72
170.030000	171.000000	73
172.060000	176.130000	74
176.460000	178.140000	75
178.620000	181.050000	76
181.590000	183.130000	77
183.380000	183.420000	78
184.150000	185.440000	79
185.860000	187.150000	80
188.970000	191.350000	81
191.690000	193.650000	82
193.970000	196.940000	83
197.310000	198.250000	84
199.000000	202.790000	85
203.250000	204.090000	86
204.380000	206.060000	87
206.340000	206.720000	88
207.320000	208.050000	89
208.410000	209.150000	90
209.620000	210.190000	91
210.490000	211.390000	92
211.980000	212.930000	93
213.250000	214.410000	94
215.070000	215.430000	95
215.810000	218.640000	96
219.330000	221.290000	97
221.820000	222.780000	98
223.250000	224.770000	99
225.490000	225.860000	100
226.480000	228.870000	101
229.620000	229.920000	102
230.390000	230.530000	103
230.890000	232.390000	104
232.930000	234.030000	105
234.730000	235.720000	106
236.270000	237.670000	107
237.930000	239.910000	108
240.220000	241.600000	109
242.090000	244.770000	110
245.380000	249.250000	111
249.490000	252.180000	112
252.450000	255.720000	113
256.090000	256.500000	114
256.800000	257.370000	115
257.580000	258.480000	116
258.840000	260.180000	117
260.910000	261.930000	118
262.320000	263.260000	119
263.870000	264.360000	120
265.260000	265.530000	121
266.280000	266.670000	122
267.080000	268.320000	123
268.610000	270.700000	124
270.970000	272.580000	125
272.860000	275.680000	126
276.110000	277.950000	127
278.350000	279.060000	128
279.500000	280.360000	129
280.820000	282.710000	130
283.370000	283.750000	131
284.210000	284.600000	132
285.010000	285.350000	133
285.560000	287.160000	134
287.450000	288.760000	135
289.320000	290.610000	136
291.130000	292.640000	137
292.920000	294.580000	138
295.200000	298.370000	139
298.800000	301.300000	140
302.050000	304.770000	141
305.090000	306.190000	142
306.700000	307.810000	143
308.180000	308.510000	144
308.780000	310.240000	145
310.660000	313.010000	146
313.330000	314.510000	147
315.210000	316.050000	148
316.560000	318.360000	149
319.090000	319.310000	150
319.540000	319.650000	151
320.380000	321.040000	152
322.300000	322.900000	153
323.870000	324.420000	154
324.970000	326.420000	155
326.660000	328.540000	156
328.840000	329.090000	157
329.430000	330.660000	158
331.130000	332.100000	159
332.810000	332.960000	160
333.180000	334.160000	161
334.490000	335.740000	162
336.310000	337.960000	163
338.270000	340.050000	164
340.400000	342.480000	165
343.350000	345.060000	166
345.350000	346.230000	167
346.460000	348.080000	168
348.760000	348.980000	169
349.550000	349.660000	170
349.980000	351.390000	171
351.610000	354.960000	172
355.170000	357.280000	173
357.730000	359.430000	174
359.790000	360.820000	175
361.400000	364.040000	176
364.250000	364.320000	177
364.550000	365.540000	178
366.170000	366.530000	179
366.980000	369.070000	180
369.690000	373.440000	181
373.960000	375.260000	182
375.560000	376.650000	183
376.860000	378.210000	184
378.580000	379.140000	185
379.540000	381.560000	186
382.230000	384.570000	187
385.140000	385.990000	188
386.430000	386.780000	189
387.010000	387.940000	190
388.430000	389.740000	191
390.760000	392.090000	192
392.510000	392.520000	193
393.240000	393.780000	194
394.190000	394.550000	195
394.920000	396.600000	196
396.910000	397.910000	197
398.240000	399.410000	198
399.810000	400.880000	199
401.400000	402.240000	200
402.940000	403.350000	201
403.970000	404.290000	202
404.830000	405.430000	203
406.000000	406.510000	204
406.950000	408.250000	205
408.820000	410.460000	206
411.120000	411.470000	207
411.950000	412.600000	208
413.230000	413.590000	209
414.020000	414.320000	210
414.790000	415.170000	211
415.530000	416.060000	212
416.280000	416.300000	213
416.570000	416.810000	214
417.180000	418.410000	215
418.690000	418.700000	216
418.970000	419.610000	217
420.440000	422.520000	218
422.900000	422.930000	219
423.300000	424.610000	220
424.990000	427.530000	221
427.870000	428.850000	222
429.220000	430.050000	223
430.400000	431.510000	224
431.980000	434.590000	225
434.910000	437.560000	226
437.950000	438.990000	227
439.400000	439.940000	228
440.400000	441.390000	229
441.890000	442.740000	230
443.140000	444.240000	231
444.560000	444.570000	232
444.830000	445.520000	233
445.750000	446.200000	234
446.600000	447.100000	235
447.480000	450.280000	236
450.870000	451.770000	237
451.990000	452.440000	238
453.430000	454.170000	239
454.560000	455.970000	240
456.320000	457.360000	241
457.700000	458.540000	242
458.830000	459.070000	243
459.830000	460.330000	244
460.990000	461.190000	245
461.640000	462.210000	246
462.600000	464.430000	247
465.060000	466.920000	248
467.540000	467.950000	249
468.240000	469.400000	250
469.710000	470.810000	251
471.110000	473.100000	252
473.560000	475.930000	253
476.430000	476.870000	254
477.510000	478.790000	255
479.150000	480.990000	256
481.520000	481.950000	257
482.420000	482.910000	258
483.510000	483.920000	259
484.400000	486.310000	260
486.560000	486.590000	261
486.850000	486.860000	262
487.300000	487.830000	263
488.480000	488.840000	264
489.050000	490.250000	265
490.920000	490.940000	266
491.400000	492.960000	267
493.560000	495.060000	268
495.380000	496.590000	269
496.900000	497.750000	270
498.110000	498.820000	271
499.250000	501.940000	272
502.170000	505.910000	273
506.440000	508.610000	274
509.020000	509.550000	275
509.900000	510.290000	276
510.740000	511.690000	277
512.030000	512.690000	278
513.340000	513.540000	279
513.750000	513.760000	280
514.310000	514.590000	281
515.090000	516.730000	282
516.990000	517.000000	283
517.230000	519.540000	284
520.820000	520.840000	285
521.430000	522.170000	286
522.610000	523.130000	287
523.810000	524.460000	288
525.080000	525.580000	289
525.880000	525.890000	290
526.210000	527.940000	291
528.180000	530.400000	292
530.930000	531.380000	293
531.770000	533.140000	294
533.860000	534.110000	295
534.870000	535.160000	296
535.720000	536.070000	297
536.510000	538.210000	298
538.710000	539.830000	299
540.540000	540.650000	300
541.230000	542.520000	301
542.990000	543.000000	302
543.330000	545.150000	303
545.620000	546.070000	304
546.560000	548.250000	305
548.890000	549.110000	306
549.930000	550.280000	307
550.710000	551.510000	308
552.240000	552.780000	309
553.440000	553.700000	310
554.330000	555.690000	311
556.240000	557.470000	312
557.970000	558.470000	313
559.140000	559.450000	314
559.690000	561.160000	315
561.390000	562.990000	316
563.360000	564.680000	317
565.090000	566.260000	318
566.550000	568.620000	319
569.080000	569.470000	320
570.040000	570.410000	321
570.990000	573.430000	322
573.690000	574.440000	323
574.770000	576.210000	324
576.500000	576.530000	325
576.830000	577.300000	326
577.980000	578.860000	327
579.420000	582.270000	328
582.590000	582.900000	329
583.120000	583.820000	330
584.380000	586.390000	331
586.700000	587.910000	332
588.260000	589.860000	333
590.220000	592.550000	334
592.920000	593.810000	335
594.170000	595.270000	336
595.580000	596.050000	337
596.740000	597.100000	338
597.450000	599.180000	339
599.600000	600.450000	340
601.950000	602.500000	341
603.190000	603.780000	342
604.180000	604.670000	343
605.040000	606.170000	344
606.520000	606.530000	345
606.830000	607.440000	346
607.960000	608.470000	347
609.000000	609.480000	348
609.730000	611.330000	349
611.770000	612.480000	350
612.930000	613.970000	351
614.430000	615.430000	352
615.670000	616.890000	353
617.440000	619.690000	354
619.910000	622.570000	355
622.850000	624.670000	356
625.250000	626.950000	357
627.380000	628.710000	358
628.960000	629.350000	359
629.600000	630.730000	360
631.000000	633.380000	361
633.880000	634.210000	362
634.420000	635.500000	363
635.980000	637.310000	364
637.770000	639.990000	365
640.230000	640.620000	366
640.900000	641.360000	367
641.670000	642.030000	368
642.360000	644.580000	369
644.850000	645.310000	370
645.560000	646.000000	371
646.430000	647.010000	372
647.370000	647.890000	373
648.170000	648.810000	374
649.190000	650.260000	375
650.780000	651.680000	376
652.180000	654.970000	377
655.360000	656.240000	378
656.770000	658.530000	379
658.860000	660.160000	380
660.410000	660.430000	381
660.650000	661.440000	382
661.740000	661.750000	383
661.990000	665.100000	384
665.360000	666.840000	385
667.130000	667.730000	386
668.160000	670.730000	387
671.040000	671.300000	388
671.560000	672.400000	389
673.209047	673.570000	390
673.820000	673.900000	391
674.390000	674.410000	392
674.700000	674.710000	393
675.210000	676.510000	394
676.730000	676.740000	395
677.020000	678.840000	396
679.310000	679.970000	397
680.240000	680.920000	398
681.140000	681.460000	399
681.690000	681.710000	400
682.530000	683.730000	401
684.000000	684.670000	402
685.570000	685.900000	403
686.160000	687.550000	404
687.760000	688.400000	405
688.660000	689.250000	406
689.610000	691.920000	407
692.160000	692.180000	408
692.680000	693.500000	409
693.990000	695.500000	410
695.730000	697.170000	411
697.700000	700.920000	412
701.220000	706.070000	413
706.630000	707.200000	414
707.670000	710.070000	415
710.440000	711.370000	416
711.890000	712.330000	417
712.840000	713.910000	418
714.280000	714.500000	419
714.850000	715.040000	420
715.260000	716.410000	421
716.640000	716.650000	422
717.040000	717.260000	423
718.070000	718.410000	424
719.170000	719.540000	425
720.170000	720.820000	426
721.220000	721.690000	427
721.950000	721.960000	428
722.180000	722.250000	429
722.500000	722.860000	430
723.650000	723.890000	431
724.670000	724.990000	432
725.690000	726.060000	433
726.480000	728.840000	434
729.240000	729.940000	435
730.720000	732.790000	436
733.070000	733.570000	437
734.137372	735.710000	438
735.960000	736.980000	439
737.810000	738.190000	440
738.950000	739.330000	441
740.020000	740.330000	442
740.860000	741.739606	443
742.960000	743.340000	444
743.550000	743.980000	445
744.550000	745.170000	446
745.860000	746.210000	447
746.860000	747.170000	448
747.440000	749.110000	449
749.780000	750.640000	450
751.240000	751.780000	451
752.340000	752.780000	452
753.350000	753.730000	453
754.280000	758.660000	454
759.030000	760.650000	455
760.900000	768.020000	456
768.240000	769.260000	457
769.710000	771.600000	458
771.830000	772.220000	459
772.740000	773.060000	460
773.760000	774.180000	461
774.440000	775.040000	462
775.670000	776.650000	463
777.170000	777.470000	464
778.150000	778.670000	465
779.180000	779.620000	466
779.900000	780.220000	467
780.710000	780.720000	468
780.980000	782.170000	469
782.720000	783.040000	470
783.760000	784.910000	471
785.230000	789.010000	472
789.230000	790.310000	473
790.540000	794.230000	474
794.710000	797.450000	475
798.100000	798.550000	476
799.130000	799.650000	477
800.100000	803.930000	478
804.190000	804.200000	479
804.600000	805.110000	480
805.420000	806.110000	481
806.490000	810.300000	482
810.540000	811.370000	483
812.000000	812.290000	484
812.950000	813.280000	485
813.900000	816.200000	486
816.550000	816.700000	487
817.220000	818.040000	488
818.330000	819.550000	489
819.960000	823.230000	490
823.630000	824.620000	491
825.270000	825.460000	492
825.680000	827.250000	493
827.670000	830.390000	494
830.780000	831.110000	495
831.570000	832.590000	496
833.080000	833.390000	497
834.030000	834.830000	498
835.130000	835.350000	499
835.790000	835.800000	500
836.283821	836.730000	501
837.310000	840.490000	502
840.700000	841.340000	503
841.710000	842.490000	504
842.950000	843.510000	505
843.950000	845.440000	506
845.870000	846.770000	507
847.250000	847.730000	508
848.120000	850.270000	509
850.630000	853.370000	510
853.810000	854.990000	511
855.470000	856.160000	512
856.510000	857.870000	513
858.140000	858.960000	514
859.330000	860.290000	515
860.650000	862.590000	516
863.060000	863.720000	517
863.970000	864.370000	518
864.880000	865.180000	519
865.460000	865.670000	520
865.990000	866.480000	521
866.820000	868.240000	522
868.860000	869.390000	523
869.670000	870.010000	524
870.340000	871.800000	525
872.360000	872.730000	526
873.090000	873.670000	527
874.080000	875.050000	528
875.430000	877.260000	529
877.720000	878.950000	530
879.260000	880.510000	531
880.780000	882.110000	532
882.520000	882.830000	533
883.190000	884.450000	534
884.750000	885.800000	535
886.350000	886.830000	536
887.220000	887.760000	537
888.070000	888.910000	538
889.500000	890.070000	539
890.740000	894.750000	540
895.060000	896.470000	541
896.880000	897.260000	542
897.790000	897.940000	543
898.260000	898.890000	544
899.420000	899.900000	545
900.550000	901.470000	546
901.920000	902.950000	547
903.460000	908.980000	548
909.290000	910.030000	549
910.350000	912.180000	550
912.570000	914.290000	551
914.510000	914.520000	552
914.800000	915.890000	553
916.140000	918.900000	554
919.240000	921.070000	555
921.690000	922.040000	556
922.660000	924.140000	557
924.350000	926.230000	558
926.640000	927.010000	559
927.470000	928.910000	560
929.160000	929.190000	561
929.400000	929.410000	562
929.710000	930.840000	563
931.420000	932.270000	564
932.920000	933.100000	565
933.480000	935.620000	566
935.830000	936.850000	567
937.220000	937.740000	568
937.980000	940.920000	569
941.150000	941.160000	570
941.430000	941.560000	571
941.780000	943.170000	572
943.380000	943.390000	573
943.610000	944.790000	574
945.290000	946.110000	575
946.370000	947.590000	576
947.990000	948.880000	577
949.190000	949.200000	578
949.420000	949.800000	579
950.120000	950.180000	580
950.430000	951.070000	581
951.810000	952.330000	582
952.870000	953.370000	583
953.720000	956.260000	584
956.680000	956.690000	585
956.910000	957.690000	586
958.060000	958.760000	587
959.010000	959.670000	588
960.020000	960.030000	589
960.420000	960.430000	590
960.990000	962.280000	591
962.760000	962.770000	592
963.040000	964.240000	593
965.050000	966.280000	594
966.680000	967.040000	595
967.430000	967.920000	596
968.390000	968.420000	597
968.840000	969.620000	598
970.250000	972.340000	599
972.560000	973.490000	600
973.760000	975.330000	601
975.770000	976.580000	602
976.990000	979.340000	603
979.970000	982.130000	604
982.700000	984.910000	605
985.150000	988.210000	606
988.540000	990.860000	607
991.300000	996.690000	608
996.920000	998.880000	609
999.140000	1000.560000	610
1001.050000	1001.710000	611
1002.110000	1002.120000	612
1002.340000	1002.810000	613
1003.500000	1004.020000	614
1004.740000	1005.880000	615
1006.610000	1007.320000	616
1007.670000	1008.870000	617
1009.280000	1010.360000	618
1010.960000	1011.540000	619
1011.890000	1012.450000	620
1012.730000	1013.250000	621
1013.660000	1014.130000	622
1014.590000	1015.300000	623
1015.640000	1017.930000	624
1018.480000	1018.930000	625
1019.420000	1020.020000	626
1020.360000	1023.350000	627
1023.560000	1024.000000	628
1024.300000	1025.450000	629
1026.480000	1027.170000	630
1027.580000	1028.500000	631
1028.780000	1028.790000	632
1029.010000	1029.490000	633
1029.910000	1030.770000	634
1031.260000	1032.540000	635
1033.160000	1033.400000	636
1033.650000	1034.670000	637
1035.010000	1036.170000	638
1036.670000	1038.750000	639
1039.290000	1041.680000	640
1042.000000	1043.050000	641
1043.330000	1045.680000	642
1046.070000	1048.030000	643
1048.460000	1050.300000	644
1050.680000	1051.240000	645
1051.640000	1054.390000	646
1054.600000	1055.000000	647
1055.470000	1055.940000	648
1056.550000	1057.010000	649
1057.670000	1058.000000	650
1058.670000	1059.490000	651
1059.810000	1059.920000	652
1060.220000	1061.170000	653
1061.480000	1061.490000	654
1062.140000	1063.230000	655
1063.450000	1064.460000	656
1064.880000	1064.960000	657
1065.170000	1067.120000	658
1067.540000	1068.160000	659
1068.520000	1069.460000	660
1069.750000	1070.070000	661
1070.420000	1071.180000	662
1071.400000	1072.460000	663
1072.760000	1073.160000	664
1073.410000	1075.200000	665
1075.610000	1078.210000	666
1078.480000	1078.490000	667
1078.920000	1078.940000	668
1079.230000	1080.500000	669
1080.910000	1082.320000	670
1082.910000	1084.840000	671
1085.060000	1086.050000	672
1086.310000	1087.020000	673
1087.230000	1089.280000	674
1089.750000	1092.990000	675
1093.290000	1093.980000	676
1094.410000	1095.450000	677
1095.820000	1097.370000	678
1097.580000	1097.590000	679
1097.840000	1097.850000	680
1098.070000	1099.930000	681
1100.140000	1100.670000	682
1101.250000	1102.240000	683
1102.730000	1103.690000	684
1104.150000	1105.970000	685
1106.330000	1108.420000	686
1108.770000	1110.210000	687
1110.660000	1111.870000	688
1112.210000	1112.230000	689
1112.470000	1115.880000	690
1116.330000	1116.540000	691
1117.030000	1117.340000	692
1117.890000	1119.070000	693
1119.660000	1119.800000	694
1120.100000	1121.080000	695
1121.590000	1124.510000	696
1124.770000	1126.063763	697
1128.150000	1129.050000	698
1129.270000	1131.510000	699
1131.820000	1132.430000	700
1132.790000	1134.010000	701
1134.250000	1135.670000	702
1136.150000	1136.430000	703
1136.840000	1137.830000	704
1138.090000	1138.880000	705
1139.460000	1139.770000	706
1140.360000	1140.950000	707
1141.430000	1142.080000	708
1142.310000	1142.700000	709
1143.020000	1143.530000	710
1143.950000	1144.470000	711
1145.110000	1145.840000	712
1146.220000	1146.420000	713
1146.860000	1147.830000	714
1148.370000	1148.900000	715
1149.600000	1150.540000	716
1151.360000	1152.410000	717
1152.920000	1153.540000	718
1154.050000	1155.320000	719
1155.640000	1159.410000	720
1159.890000	1161.110000	721
1161.330000	1162.190000	722
1162.640000	1163.000000	723
1163.210000	1163.280000	724
1163.560000	1164.810000	725
1165.540000	1166.840000	726
1167.200000	1168.020000	727
1168.250000	1169.100000	728
1169.550000	1170.800000	729
1171.320000	1171.510000	730
1171.830000	1171.840000	731
1172.090000	1172.630000	732
1172.860000	1174.110000	733
1174.380000	1176.550000	734
1176.830000	1176.850000	735
1177.150000	1177.460000	736
1177.860000	1178.490000	737
1179.120000	1179.290000	738
1179.600000	1180.220000	739
1180.450000	1181.290000	740
1181.660000	1183.150000	741
1183.520000	1183.990000	742
1184.420000	1185.570000	743
1186.170000	1187.200000	744
1187.480000	1187.772878	745
1189.100000	1190.310000	746
1190.630000	1191.030000	747
1191.320000	1191.330000	748
1191.780000	1196.440000	749
1196.650000	1197.770000	750
1198.240000	1199.830000	751
1200.310000	1201.520000	752
1202.070000	1202.730000	753
1203.270000	1203.700000	754
1204.180000	1204.480000	755
1204.960000	1208.890000	756
1209.240000	1210.070000	757
1210.730000	1214.560000	758
1214.840000	1215.360000	759
1215.770000	1217.060000	760
1217.730000	1219.000000	761
1220.230913	1221.160000	762
1221.420000	1223.860000	763
1224.430000	1225.150000	764
1226.220000	1232.150000	765
1232.360000	1235.950000	766
1236.340000	1236.920000	767
1237.190000	1238.590000	768
1238.990000	1240.820000	769
1241.040000	1243.120000	770
1243.530000	1244.000000	771
1244.450000	1245.590000	772
1245.950000	1246.850000	773
1248.360000	1248.500000	774
1249.240000	1249.620000	775
1250.330000	1250.420000	776
1250.850000	1250.860000	777
1251.330000	1252.650000	778
1252.910000	1253.730000	779
1254.600000	1254.790000	780
1256.745250	1257.170000	781
1257.620000	1257.720000	782
1258.000000	1259.360000	783
1259.650000	1260.730000	784
1261.090000	1261.560000	785
1262.230000	1262.970000	786
1263.440000	1263.450000	787
1263.840000	1263.940000	788
1264.400000	1265.250000	789
1265.540000	1266.010000	790
1266.350000	1267.940000	791
1268.280000	1268.810000	792
1269.070000	1269.730000	793
1269.970000	1270.360000	794
1270.830000	1272.700000	795
1273.050000	1273.580000	796
1274.340000	1274.580000	797
1275.320000	1276.170000	798
1276.520000	1277.010000	799
1278.170000	1278.460000	800
1279.670000	1280.290000	801
1281.360000	1282.080000	802
1282.310000	1284.100000	803
1284.640000	1285.460000	804
1285.890000	1286.810000	805
1287.470000	1288.020000	806
1288.740000	1290.550000	807
1290.970000	1293.040000	808
1293.480000	1294.340000	809
1295.110000	1295.890000	810
1296.120000	1297.400000	811
1298.020000	1298.290000	812
1298.530000	1299.210000	813
1299.570000	1300.020000	814
1300.270000	1301.780000	815
1302.880000	1307.390000	816
1308.020000	1308.740000	817
1309.380000	1309.800000	818
1310.280000	1310.890000	819
1311.270000	1312.130000	820
1312.640000	1315.200000	821
1315.680000	1316.290000	822
1316.850000	1317.470000	823
1318.060000	1319.740000	824
1320.320000	1320.660000	825
1321.070000	1321.800000	826
1322.060000	1322.720000	827
1323.120000	1323.740000	828
1324.270000	1324.710000	829
1325.140000	1327.160000	830
1327.790000	1330.510000	831
1331.010000	1331.220000	832
1331.830000	1332.110000	833
1332.420000	1332.440000	834
1332.860000	1339.840000	835
1340.080000	1341.190000	836
1342.050000	1345.240000	837
1345.460000	1345.550000	838
1345.760000	1347.500000	839
1348.090000	1350.044009	840
1351.240000	1351.250000	841
1351.800000	1353.800000	842
1354.400000	1354.950000	843
1355.560000	1356.550000	844
1357.060000	1359.610000	845
1360.260000	1360.570000	846
1361.040000	1361.520000	847
1362.000000	1365.090000	848
1365.730000	1366.030000	849
1366.610000	1367.320000	850
1367.720000	1369.380000	851
1370.200000	1370.420000	852
1371.000000	1373.460000	853
1374.050000	1374.630000	854
1375.100000	1376.350000	855
1376.570000	1376.990000	856
1377.300000	1383.560000	857
1384.620000	1385.650000	858
1386.380000	1386.970000	859
1387.570000	1388.650000	860
1389.020000	1389.920000	861
1390.960000	1393.990000	862
1394.430000	1395.980000	863
1396.310000	1396.770000	864
1397.320000	1399.310000	865
1399.850000	1400.240000	866
1400.800000	1401.210000	867
1401.720000	1402.510000	868
1403.240000	1403.660000	869
1403.960000	1404.160000	870
1404.960000	1405.150000	871
1405.890000	1406.150000	872
1406.840000	1407.050000	873
1407.260000	1408.430000	874
1408.690000	1410.350000	875
1410.680000	1414.300000	876
1414.970000	1415.270000	877
1415.860000	1416.300000	878
1416.750000	1420.080000	879
1420.440000	1420.650000	880
1420.860000	1421.020000	881
1421.570000	1421.670000	882
1421.990000	1423.090000	883
1423.320000	1423.490000	884
1423.800000	1424.270000	885
1424.570000	1424.590000	886
1425.150000	1426.450000	887
1426.880000	1428.500000	888
1429.160000	1430.800000	889
1431.530000	1431.710000	890
1432.350000	1433.570000	891
1433.890000	1434.540000	892
1435.110000	1435.120000	893
1436.040000	1436.340000	894
1436.840000	1436.850000	895
1437.350000	1437.890000	896
1438.500000	1440.190000	897
1440.530000	1441.660000	898
1442.000000	1446.460000	899
1447.260000	1448.220000	900
1448.650000	1451.160000	901
1451.760000	1452.400000	902
1452.830000	1452.950000	903
1453.210000	1454.280000	904
1454.830000	1455.440000	905
1456.120000	1456.670000	906
1457.160000	1457.730000	907
1458.180000	1460.630000	908
1461.090000	1461.860000	909
1462.070000	1462.930000	910
1463.450000	1463.980000	911
1464.240000	1465.090000	912
1465.750000	1465.820000	913
1466.040000	1467.890000	914
1468.290000	1468.830000	915
1469.110000	1471.480000	916
1471.880000	1472.390000	917
1472.980000	1473.980000	918
1474.240000	1475.470000	919
1475.880000	1476.590000	920
1476.850000	1478.140000	921
1478.520000	1481.640000	922
1482.110000	1483.330000	923
1483.910000	1484.110000	924
1484.830000	1485.670000	925
1486.250000	1486.640000	926
1487.400000	1488.000000	927
1489.260000	1490.130000	928
1491.130000	1491.930000	929
1492.760000	1493.000000	930
1494.040000	1496.130000	931
1496.540000	1497.750000	932
1498.360000	1499.300000	933
1499.520000	1500.010000	934
1500.610000	1501.500000	935
1502.760000	1503.400000	936
1504.180000	1504.750000	937
1505.340000	1507.770000	938
1508.330000	1508.840000	939
1509.150000	1509.200000	940
1509.660000	1510.930000	941
1512.250391	1513.410000	942
1514.000000	1515.120000	943
1515.350000	1515.670000	944
1515.970000	1518.370000	945
1518.680000	1519.870000	946
1520.400000	1523.040000	947
1523.380000	1524.180000	948
1524.690000	1525.700000	949
1525.960000	1526.910000	950
1527.310000	1528.840000	951
1529.260000	1529.810000	952
1530.270000	1532.060000	953
1532.470000	1533.820000	954
1534.610000	1535.790000	955
1536.080000	1536.960000	956
1537.440000	1538.020000	957
1538.660000	1539.760000	958
1540.210000	1540.710000	959
1540.990000	1541.750000	960
1542.220000	1542.430000	961
1542.670000	1543.920000	962
1544.210000	1544.440000	963
1544.840000	1545.060000	964
1545.520000	1545.920000	965
1546.230000	1547.640000	966
1547.980000	1548.270000	967
1548.700000	1550.010000	968
1550.380000	1552.160000	969
1552.510000	1553.150000	970
1553.550000	1554.800000	971
1555.170000	1555.760000	972
1556.090000	1556.680000	973
1557.070000	1557.250000	974
1557.770000	1557.960000	975
1558.260000	1559.900000	976
1560.400000	1561.140000	977
1561.630000	1561.910000	978
1562.180000	1563.600000	979
1564.070000	1564.480000	980
1564.910000	1565.030000	981
1565.470000	1567.340000	982
1567.550000	1568.660000	983
1569.240000	1570.460000	984
1570.940000	1571.310000	985
1571.520000	1571.560000	986
1571.840000	1572.170000	987
1572.740000	1573.040000	988
1573.560000	1575.220000	989
1575.810000	1576.680000	990
1577.110000	1577.580000	991
1578.000000	1578.440000	992
1578.870000	1579.730000	993
1580.460000	1580.950000	994
1581.700000	1582.370000	995
1583.080000	1586.580000	996
1587.010000	1588.400000	997
1588.940000	1589.700000	998
1590.150000	1590.490000	999
1591.140000	1591.890000	1000
1593.240000	1594.770000	1001
1594.980000	1597.390000	1002
1597.900000	1598.630000	1003
1598.950000	1599.940000	1004
1600.470000	1600.980000	1005
1601.290000	1601.300000	1006
1601.530000	1602.230000	1007
1602.500000	1606.750000	1008
1607.190000	1608.260000	1009
1608.520000	1608.530000	1010
1608.810000	1609.140000	1011
1609.420000	1610.060000	1012
1610.400000	1610.890000	1013
1611.240000	1611.600000	1014
1611.810000	1611.920000	1015
1612.170000	1612.390000	1016
1612.770000	1615.170000	1017
1615.440000	1617.410000	1018
1617.780000	1618.080000	1019
1618.460000	1619.340000	1020
1619.920000	1620.030000	1021
1620.490000	1621.730000	1022
1622.110000	1622.730000	1023
1623.990000	1624.180000	1024
1624.390000	1624.580000	1025
1624.890000	1625.930000	1026
1626.340000	1627.180000	1027
1627.500000	1627.720000	1028
1627.940000	1628.670000	1029
1629.170000	1630.210000	1030
1630.550000	1631.780000	1031
1632.240000	1634.360000	1032
1635.100000	1635.750000	1033
1636.220000	1636.850000	1034
1637.510000	1637.900000	1035
1638.530000	1639.550000	1036
1640.150000	1640.860000	1037
1641.100000	1642.370000	1038
1642.760000	1643.630000	1039
1644.040000	1644.860000	1040
1645.360000	1646.690000	1041
1647.010000	1647.560000	1042
1647.910000	1649.690000	1043
1650.020000	1650.710000	1044
1651.090000	1651.600000	1045
1651.860000	1655.040000	1046
1655.380000	1659.130000	1047
1659.460000	1660.540000	1048
1660.940000	1662.750000	1049
1663.180000	1664.540000	1050
1664.930000	1665.560000	1051
1666.140000	1666.580000	1052
1667.100000	1667.360000	1053
1668.420000	1668.750000	1054
1668.960000	1672.030000	1055
1673.519825	1675.430000	1056
1675.660000	1675.920000	1057
1676.370000	1677.070000	1058
1677.650000	1678.650000	1059
1679.420000	1680.140000	1060
1680.840000	1681.540000	1061
1681.890000	1683.230000	1062
1683.570000	1684.220000	1063
1684.490000	1686.800000	1064
1687.280000	1687.780000	1065
1688.110000	1688.780000	1066
1689.200000	1689.970000	1067
1690.470000	1690.900000	1068
1691.380000	1694.170000	1069
1694.580000	1695.190000	1070
1696.250000	1696.920000	1071
1697.850000	1698.380000	1072
1699.530000	1700.660000	1073
1700.980000	1703.880000	1074
1704.260000	1704.630000	1075
1705.657926	1706.250000	1076
1706.760000	1706.940000	1077
1707.410000	1708.100000	1078
1708.640000	1709.220000	1079
1709.740000	1711.790000	1080
1712.100000	1713.060000	1081
1713.600000	1714.470000	1082
1714.690000	1714.720000	1083
1714.990000	1715.960000	1084
1716.460000	1717.790000	1085
1718.430000	1718.810000	1086
1719.320000	1719.760000	1087
1720.150000	1720.810000	1088
1721.900000	1723.640000	1089
1724.430000	1724.810000	1090
1725.490000	1726.210000	1091
1726.960000	1727.620000	1092
1728.620000	1729.230000	1093
1729.780000	1732.990000	1094
1733.890000	1734.280000	1095
1735.320000	1735.740000	1096
1736.750000	1737.420000	1097
1738.020000	1738.030000	1098
1738.300000	1738.910000	1099
1739.370000	1740.220000	1100
1740.430000	1741.070000	1101
1741.970000	1741.980000	1102
1742.190000	1742.430000	1103
1742.640000	1743.230000	1104
1743.670000	1743.680000	1105
1744.040000	1744.620000	1106
1745.220000	1746.830000	1107
1747.410000	1748.160000	1108
1749.321258	1749.890000	1109
1750.310000	1752.170000	1110
1752.670000	1753.320000	1111
1753.710000	1755.390000	1112
1755.940000	1758.640000	1113
1759.090000	1760.930000	1114
1761.240000	1764.190000	1115
1764.740000	1765.720000	1116
1766.340000	1766.850000	1117
1767.360000	1767.810000	1118
1768.260000	1768.280000	1119
1768.740000	1769.730000	1120
1770.200000	1770.540000	1121
1771.370000	1773.590000	1122
1774.310000	1775.180000	1123
1775.840000	1776.550000	1124
1776.920000	1777.890000	1125
1778.360000	1779.600000	1126
1780.170000	1780.930000	1127
1781.320000	1781.900000	1128
1782.160000	1783.350000	1129
1783.800000	1784.510000	1130
1784.740000	1785.360000	1131
1785.850000	1786.900000	1132
1787.240000	1788.340000	1133
1788.570000	1789.270000	1134
1789.760000	1790.500000	1135
1791.030000	1791.520000	1136
1792.130000	1792.460000	1137
1792.700000	1793.070000	1138
1793.500000	1794.000000	1139
1794.370000	1794.680000	1140
1795.020000	1796.570000	1141
1796.990000	1797.830000	1142
1798.560000	1799.210000	1143
1799.530000	1800.550000	1144
1800.770000	1803.310000	1145
1803.610000	1803.980000	1146
1804.310000	1804.660000	1147
1805.040000	1805.390000	1148
1805.740000	1806.350000	1149
1806.570000	1807.380000	1150
1807.770000	1810.101042	1151
1811.120000	1816.301662	1152
1817.140000	1817.300000	1153
1817.600000	1820.230000	1154
1820.440000	1821.850000	1155
1822.070000	1822.610000	1156
1823.180000	1823.670000	1157
1823.880000	1824.790000	1158
1825.150000	1825.700000	1159
1826.000000	1828.560000	1160
1829.180000	1829.680000	1161
1830.070000	1831.580000	1162
1831.810000	1831.850000	1163
1832.140000	1832.670000	1164
1833.160000	1833.760000	1165
1834.990000	1835.580000	1166
1836.440000	1837.840000	1167
1838.320000	1838.990000	1168
1839.600000	1840.000000	1169
1840.500000	1840.820000	1170
1841.310000	1841.500000	1171
1841.860000	1842.090000	1172
1842.320000	1842.490000	1173
1842.710000	1843.400000	1174
1843.730000	1843.860000	1175
1844.090000	1845.480000	1176
1845.900000	1846.330000	1177
1846.620000	1847.920000	1178
1848.320000	1848.430000	1179
1848.670000	1849.950000	1180
1850.340000	1851.390000	1181
1851.880000	1853.570000	1182
1854.110000	1854.580000	1183
1855.060000	1855.980000	1184
1856.570000	1856.820000	1185
1857.090000	1858.440000	1186
1858.750000	1858.760000	1187
1858.980000	1859.320000	1188
1859.860000	1860.270000	1189
1860.700000	1861.130000	1190
1861.930000	1862.210000	1191
1863.020000	1863.530000	1192
1864.740000	1864.830000	1193
1865.300000	1865.310000	1194
1866.504590	1867.010000	1195
1867.850000	1868.680000	1196
1869.310000	1870.120000	1197
1870.850000	1871.320000	1198
1871.910000	1873.130000	1199
1873.890000	1874.390000	1200
1875.500000	1876.280000	1201
1877.100000	1877.600000	1202
1877.810000	1878.260000	1203
1878.970000	1879.470000	1204
1880.230000	1882.490000	1205
1882.850000	1883.150000	1206
1883.520000	1883.870000	1207
1884.320000	1884.640000	1208
1884.890000	1885.910000	1209
1886.270000	1886.950000	1210
1887.520000	1887.920000	1211
1888.350000	1890.030000	1212
1890.540000	1890.890000	1213
1891.550000	1891.700000	1214
1892.430000	1892.660000	1215
1893.420000	1893.710000	1216
1894.540000	1894.960000	1217
1896.230000	1897.030000	1218
1897.350000	1898.150000	1219
1898.940000	1899.410000	1220
1899.840000	1900.230000	1221
1900.830000	1901.430000	1222
1902.330000	1902.550000	1223
1903.780000	1904.130000	1224
1905.340000	1906.090000	1225
1906.720000	1907.150000	1226
1908.000000	1909.370000	1227
1909.920354	1910.491664	1227.5   
1911.230000	1912.370000	1228
1913.220000	1913.530000	1229
1914.450000	1914.830000	1230
1915.590000	1919.360000	1231
1919.570000	1921.200000	1232
1921.640000	1922.950000	1233
1923.390000	1923.760000	1234
1924.280000	1924.610000	1235
1925.070000	1925.470000	1236
1926.300000	1926.530000	1237
1927.500000	1927.990000	1238
1928.960000	1929.770000	1239
1931.090000	1931.940000	1240
1932.970000	1933.860000	1241
1934.490000	1935.180000	1242
1935.830000	1936.230000	1243
1936.850000	1937.190000	1244
1938.660000	1939.140000	1245
1940.090000	1941.060000	1246
1941.980000	1943.760000	1247
1944.240000	1944.620000	1248
1945.250000	1945.640000	1249
1946.050000	1947.100000	1250
1947.520000	1947.940000	1251
1948.340000	1948.930000	1252
1949.380000	1951.040000	1253
1951.330000	1951.890000	1254
1952.290000	1953.410000	1255
1953.940000	1954.760000	1256
1955.170000	1955.840000	1257
1956.290000	1956.480000	1258
1956.730000	1957.970000	1259
1958.300000	1959.620000	1260
1959.980000	1961.350000	1261
1961.940000	1962.490000	1262
1963.240000	1963.570000	1263
1964.050000	1966.480000	1264
1966.830000	1969.260000	1265
1969.830000	1970.170000	1266
1970.620000	1971.100000	1267
1972.050000	1972.940000	1268
1973.450000	1974.280000	1269
1974.840000	1979.160000	1270
1979.570000	1979.980000	1271
1980.300000	1981.310000	1272
1981.710000	1983.750000	1273
1984.140000	1984.730000	1274
1985.100000	1985.910000	1275
1986.600000	1986.790000	1276
1987.510000	1987.630000	1277
1988.060000	1988.070000	1278
1989.100000	1989.910000	1279
1990.210000	1993.660000	1280
1994.120000	1994.420000	1281
1994.910000	1995.590000	1282
1996.100000	1998.350000	1283
1998.910000	1999.230000	1284
1999.800000	2000.140000	1285
2000.720000	2001.030000	1286
2001.400000	2002.420000	1287
2002.870000	2003.620000	1288
2004.230000	2004.250000	1289
2004.550000	2004.560000	1290
2004.940000	2007.110000	1291
2007.900000	2008.070000	1292
2009.110000	2009.700000	1293
2010.360000	2010.850000	1294
2011.750000	2012.580000	1295
2013.280000	2013.770000	1296
2014.430000	2014.880000	1297
2017.190000	2017.810000	1298
2018.510000	2018.700000	1299
2019.610000	2020.450000	1300
2020.990000	2022.720000	1301
2023.010000	2023.240000	1302
2023.470000	2024.400000	1303
2024.840000	2025.720000	1304
2026.200000	2026.560000	1305
2027.030000	2027.570000	1306
2028.500000	2030.020000	1307
2030.520000	2031.360000	1308
2031.690000	2032.630000	1309
2033.180000	2034.760000	1310
2035.230000	2035.660000	1311
2036.180000	2036.400000	1312
2036.910000	2037.880000	1313
2038.350000	2039.430000	1314
2039.840000	2041.530000	1315
2042.210000	2042.500000	1316
2043.210000	2043.740000	1317
2043.960000	2044.180000	1318
2045.000000	2045.380000	1319
2046.030000	2046.300000	1320
2046.900000	2047.320000	1321
2048.340000	2048.700000	1322
2049.710000	2050.460000	1323
2051.270000	2052.080000	1324
2053.620000	2054.780000	1325
2055.300000	2056.510000	1326
2057.650000	2058.320000	1327
2058.980000	2060.490000	1328
2061.090000	2061.810000	1329
2062.520000	2063.060000	1330
2063.720000	2065.220000	1331
2065.610000	2065.970000	1332
2066.280000	2067.170000	1333
2067.720000	2068.050000	1334
2068.850000	2069.110000	1335
2069.800000	2070.130000	1336
2070.670000	2072.060000	1337
2072.570000	2073.870000	1338
2074.250000	2074.900000	1339
2075.120000	2076.080000	1340
2076.610000	2077.080000	1341
2077.340000	2077.380000	1342
2077.600000	2078.550000	1343
2080.450000	2080.500000	1344
2081.050000	2081.610000	1345
2082.110000	2083.080000	1346
2083.930000	2084.170000	1347
2084.690000	2085.480000	1348
2086.160000	2086.250000	1349
2087.000000	2087.430000	1350
2088.070000	2089.050000	1351
2089.540000	2089.990000	1352
2090.410000	2090.670000	1353
2091.010000	2091.840000	1354
2092.340000	2092.950000	1355
2093.280000	2093.940000	1356
2094.640000	2095.150000	1357
2095.970000	2096.160000	1358
2097.380000	2098.150000	1359
2098.910000	2099.040000	1360
2099.290000	2099.920000	1361
2101.090000	2101.510000	1362
2102.920000	2103.970000	1363
2104.920000	2105.820000	1364
2106.530000	2107.700000	1365
2108.390000	2109.090000	1366
2109.780000	2111.910000	1367
2112.680000	2113.080000	1368
2113.780000	2114.070000	1369
2114.730000	2115.070000	1370
2115.920000	2117.690000	1371
2118.190000	2118.200000	1372
2118.590000	2119.140000	1373
2120.240000	2121.020000	1374
2121.250000	2121.500000	1375
2121.800000	2122.520000	1376
2122.730000	2124.880000	1377
2125.430000	2126.650000	1378
2127.260000	2128.710000	1379
2129.060000	2132.090000	1380
2132.300000	2132.680000	1381
2133.670000	2134.500000	1382
2135.590000	2136.080000	1383
2137.180000	2138.320000	1384
2138.550000	2138.970000	1385
2139.790000	2140.090000	1386
2141.340000	2141.570000	1387
2142.740000	2143.420000	1388
2144.370000	2147.120000	1389
2147.510000	2149.450000	1390
2150.220000	2151.860000	1391
2152.290000	2153.630000	1392
2154.420000	2154.860000	1393
2155.660000	2156.680000	1394
2157.340000	2158.070000	1395
2158.300000	2158.550000	1396
2158.810000	2159.480000	1397
2160.580000	2161.780000	1398
2162.030000	2164.200000	1399
2164.830000	2164.840000	1400
2165.080000	2165.970000	1401
2167.400000	2168.020000	1402
2168.270000	2168.570000	1403
2168.970000	2168.980000	1404
2171.050000	2172.550000	1405
2173.360000	2173.370000	1406
2173.780000	2174.180000	1407
2174.390000	2175.190000	1408
2176.100000	2176.380000	1409
2177.260000	2179.180000	1410
2179.570000	2179.580000	1411
2180.080000	2180.280000	1412
2180.930000	2181.100000	1413
2181.310000	2182.260000	1414
2182.800000	2185.610000	1415
2186.010000	2187.880000	1416
2188.430000	2190.220000	1417
2190.940000	2191.280000	1418
2191.560000	2192.730000	1419
2192.970000	2193.910000	1420
2194.380000	2195.100000	1421
2195.520000	2196.330000	1422
2197.220000	2198.630000	1423
2199.160000	2200.410000	1424
2200.930000	2205.170000	1425
2205.620000	2206.740000	1426
2207.420000	2207.840000	1427
2208.730000	2208.740000	1428
2209.140000	2209.490000	1429
2210.030000	2210.040000	1430
2210.270000	2211.360000	1431
2211.930000	2211.970000	1432
2212.180000	2212.390000	1433
2213.430000	2217.350000	1434
2217.750000	2218.650000	1435
2219.260000	2219.850000	1436
2220.580000	2222.130000	1437
2222.430000	2224.840000	1438
2225.090000	2226.520000	1439
2226.900000	2228.220000	1440
2228.430000	2228.440000	1441
2228.750000	2231.930000	1442
2232.410000	2233.470000	1443
2233.680000	2234.020000	1444
2234.240000	2236.330000	1445
2236.730000	2237.100000	1446
2237.430000	2237.500000	1447
2237.950000	2239.050000	1448
2239.470000	2241.680000	1449
2241.930000	2241.940000	1450
2242.230000	2245.470000	1451
2245.800000	2247.980000	1452
2248.300000	2248.810000	1453
2249.430000	2251.730000	1454
2252.180000	2252.680000	1455
2253.330000	2254.140000	1456
2254.650000	2255.700000	1457
2256.110000	2256.660000	1458
2256.930000	2256.960000	1459
2257.190000	2257.410000	1460
2257.930000	2259.710000	1461
2259.930000	2259.970000	1462
2260.270000	2261.440000	1463
2261.980000	2262.420000	1464
2262.930000	2263.400000	1465
2263.690000	2263.730000	1466
2263.960000	2265.590000	1467
2265.930000	2268.400000	1468
2268.910000	2269.620000	1469
2270.000000	2271.220000	1470
2271.930000	2273.460000	1471
2273.800000	2278.060000	1472
2278.620000	2278.980000	1473
2279.260000	2279.450000	1474
2279.890000	2284.210000	1475
2284.710000	2285.010000	1476
2285.430000	2285.440000	1477
2285.670000	2288.460000	1478
2289.000000	2292.130000	1479
2292.470000	2293.600000	1480
2294.140000	2294.720000	1481
2294.970000	2296.350000	1482
2296.770000	2298.320000	1483
2298.840000	2301.660000	1484
2301.890000	2303.510000	1485
2303.920000	2305.670000	1486
2305.930000	2309.140000	1487
2309.430000	2309.440000	1488
2309.880000	2312.000000	1489
2312.310000	2313.270000	1490
2313.750000	2314.440000	1491
2315.140000	2317.640000	1492
2318.190000	2320.070000	1493
2320.530000	2321.440000	1494
2321.850000	2321.860000	1495
2322.280000	2325.710000	1496
2325.920000	2326.950000	1497
2327.260000	2327.580000	1498
2327.890000	2331.140000	1499
2331.440000	2336.440000	1500
2336.660000	2339.740000	1501
2340.060000	2346.730000	1502
2346.940000	2347.800000	1503
2348.020000	2348.040000	1504
2348.410000	2348.440000	1505
