0.080000	0.520000	1
0.630000	4.010000	2
4.130000	4.350000	3
4.460000	4.960000	4
5.070000	5.970000	5
6.300000	8.180000	6
8.300000	9.590000	7
9.700000	10.940000	8
11.190000	11.340000	9
11.470000	12.440000	10
12.740000	13.190000	11
13.300000	13.530000	12
13.700000	14.330000	13
14.450000	14.900000	14
15.090000	15.220000	15
15.410000	15.580000	16
15.970000	15.980000	17
16.180000	16.190000	18
16.330000	17.290000	19
17.410000	18.170000	20
18.310000	18.630000	21
18.770000	19.350000	22
19.460000	19.930000	23
20.250000	20.670000	24
20.790000	21.150000	25
21.290000	21.520000	26
21.740000	21.770000	27
21.900000	22.820000	28
22.960000	23.080000	29
23.190000	23.620000	30
23.750000	23.880000	31
23.990000	24.290000	32
24.630000	24.810000	33
24.930000	26.030000	34
26.480000	27.770000	35
27.990000	28.000000	36
28.140000	30.800000	37
31.150000	31.510000	38
31.630000	31.650000	39
31.890000	33.030000	40
33.230000	34.720000	41
35.140000	36.460000	42
36.630000	37.900000	43
38.330000	38.810000	44
38.960000	39.580000	45
39.770000	40.940000	46
41.110000	41.860000	47
41.980000	42.500000	48
42.620000	42.810000	49
43.160000	44.010000	50
44.150000	45.050000	51
45.410000	46.040000	52
46.190000	46.210000	53
46.600000	47.210000	54
47.340000	48.640000	55
48.760000	49.280000	56
49.720000	50.040000	57
50.260000	51.120000	58
51.760000	51.830000	59
51.940000	53.780000	60
53.910000	54.440000	61
54.740000	55.490000	62
55.780000	56.410000	63
56.540000	56.690000	64
56.800000	57.130000	65
57.270000	57.910000	66
58.390000	59.170000	67
59.490000	60.260000	68
60.510000	61.190000	69
61.310000	61.450000	70
62.040000	62.490000	71
62.600000	63.120000	72
63.570000	64.300000	74
64.440000	65.140000	75
66.390000	67.970000	77
68.290000	68.330000	78
68.450000	69.110000	79
69.280000	69.530000	80
69.650000	69.980000	81
70.090000	70.560000	82
70.970000	70.990000	83
71.120000	72.490000	84
72.650000	72.960000	85
73.310000	73.940000	86
74.200000	74.610000	87
74.780000	74.940000	88
75.050000	75.220000	89
75.340000	75.460000	90
75.590000	75.850000	91
76.070000	77.320000	92
77.610000	78.280000	93
78.540000	78.610000	94
78.740000	78.760000	95
78.870000	78.890000	96
79.030000	79.300000	97
79.420000	79.840000	98
79.980000	80.210000	99
80.470000	80.640000	100
80.750000	80.880000	101
80.990000	81.150000	102
81.540000	82.330000	103
82.480000	83.140000	104
83.290000	83.480000	105
83.910000	84.300000	106
84.530000	84.850000	107
85.030000	85.340000	108
85.480000	85.710000	109
86.170000	86.400000	110
86.530000	87.000000	111
87.150000	87.650000	112
88.150000	89.020000	113
89.130000	89.660000	114
89.810000	89.880000	115
90.040000	90.710000	116
90.860000	91.030000	117
92.020000	93.390000	118
93.520000	93.570000	119
94.020000	94.640000	120
94.900000	95.150000	121
95.290000	95.430000	122
95.700000	95.970000	123
96.150000	96.980000	124
97.410000	98.940000	125
99.280000	99.540000	126
99.730000	100.230000	127
100.400000	102.830000	128
103.280000	104.150000	129
104.730000	106.960000	130
108.480000	109.180000	133
109.320000	109.350000	134
109.530000	109.650000	135
109.760000	110.590000	136
110.940000	112.170000	137
112.490000	112.630000	138
112.800000	113.090000	139
113.370000	113.750000	140
113.870000	113.990000	141
114.150000	114.260000	142
114.370000	114.790000	143
115.960000	116.860000	144
116.980000	117.170000	145
117.320000	117.840000	146
118.320000	118.460000	148
120.260000	120.680000	151
120.820000	120.920000	152
121.030000	122.300000	153
122.510000	123.250000	154
123.360000	123.540000	155
123.950000	124.180000	156
124.310000	124.640000	157
124.750000	125.000000	158
125.180000	125.420000	159
125.730000	126.560000	160
126.930000	127.180000	161
127.530000	128.070000	162
128.230000	128.900000	163
129.080000	129.230000	164
129.400000	129.530000	165
130.350000	131.010000	166
131.150000	132.680000	167
132.850000	132.890000	168
133.070000	133.210000	169
133.370000	133.900000	170
134.330000	135.470000	171
135.590000	135.890000	172
136.460000	137.120000	173
137.870000	138.880000	174
138.990000	139.650000	175
140.460000	140.770000	176
140.880000	141.560000	177
141.690000	143.290000	178
144.130000	145.040000	179
145.190000	145.540000	180
146.200000	146.810000	181
147.690000	148.610000	182
149.360000	150.210000	183
150.320000	150.360000	184
150.530000	151.160000	185
151.460000	151.680000	186
151.820000	152.710000	187
152.870000	153.040000	188
153.230000	153.910000	189
154.330000	155.280000	190
155.400000	155.540000	191
156.040000	157.820000	192
158.510000	160.750000	193
161.070000	161.350000	194
161.490000	162.060000	195
162.320000	163.320000	196
163.450000	163.880000	197
163.990000	164.090000	198
164.240000	164.430000	199
164.870000	165.230000	200
165.370000	165.740000	201
166.070000	167.020000	202
168.100000	168.840000	203
169.030000	169.040000	204
169.230000	169.360000	205
169.470000	169.600000	206
169.720000	170.740000	207
170.890000	170.910000	208
171.120000	171.300000	209
171.410000	172.150000	210
172.500000	173.570000	211
173.770000	174.170000	212
174.650000	175.010000	213
175.140000	175.670000	214
175.840000	175.940000	215
176.100000	176.200000	216
176.310000	177.080000	217
177.630000	177.800000	218
177.950000	178.100000	219
178.220000	178.400000	220
178.510000	179.140000	221
179.440000	179.450000	222
180.190000	180.490000	223
180.600000	181.130000	224
181.890000	181.900000	225
182.110000	182.910000	226
183.040000	183.180000	227
185.010000	186.300000	228
186.430000	186.470000	229
186.580000	187.070000	230
187.210000	187.390000	231
187.720000	189.380000	232
189.520000	189.690000	233
190.000000	191.350000	234
191.510000	192.070000	235
192.180000	192.840000	236
193.340000	194.170000	237
195.030000	195.760000	238
195.870000	196.000000	239
196.130000	196.570000	240
196.700000	197.060000	241
197.180000	197.920000	242
198.040000	198.390000	243
198.520000	198.640000	244
198.800000	198.820000	245
199.280000	199.570000	246
199.820000	200.120000	247
200.410000	201.300000	248
201.420000	201.850000	249
202.000000	202.080000	250
202.370000	202.530000	251
202.720000	202.750000	252
203.350000	204.080000	253
204.440000	204.710000	254
204.860000	205.180000	255
205.650000	206.230000	256
206.520000	207.420000	257
208.010000	208.960000	258
209.510000	209.800000	259
209.990000	210.440000	260
211.100000	211.450000	261
211.840000	212.790000	262
212.900000	214.250000	263
214.420000	214.660000	264
215.360000	215.690000	265
215.830000	216.600000	266
216.710000	216.860000	267
217.000000	217.320000	268
217.850000	218.810000	269
219.280000	220.800000	270
222.510000	222.880000	272
223.050000	223.280000	273
223.420000	223.480000	274
223.600000	224.880000	275
226.940000	227.520000	279
227.710000	228.390000	280
228.960000	229.630000	281
229.750000	230.030000	282
230.760000	231.750000	283
232.310000	232.370000	284
232.500000	232.970000	285
233.180000	233.700000	286
234.120000	235.440000	287
235.560000	235.940000	288
236.260000	236.600000	289
236.800000	237.689839	290
238.130000	238.590000	291
238.740000	239.690000	292
239.910000	240.770000	293
241.410000	242.900000	294
243.010000	243.190000	295
243.300000	243.700000	296
243.820000	244.620000	297
244.730000	245.230000	298
245.650000	245.740000	299
245.910000	246.420000	300
246.570000	247.720000	301
247.840000	248.210000	302
248.480000	248.700000	303
248.870000	249.450000	304
249.560000	249.610000	305
249.800000	250.130000	306
250.280000	250.550000	307
250.670000	251.750000	308
252.120000	252.530000	309
252.830000	253.380000	310
253.610000	254.510000	311
254.870000	254.980000	312
255.100000	255.490000	313
255.630000	256.190000	314
256.940000	257.770000	315
257.920000	257.950000	316
258.360000	259.260000	317
259.900000	260.390000	318
261.320000	261.540000	319
262.310000	262.680000	320
263.110000	263.680000	321
263.870000	263.900000	322
264.010000	264.350000	323
264.730000	264.920000	324
265.040000	265.210000	325
265.340000	265.380000	326
265.520000	266.100000	327
266.290000	266.740000	328
267.000000	267.330000	329
267.460000	268.590000	330
268.900000	269.600000	331
269.720000	270.610000	332
270.720000	270.770000	333
270.880000	271.710000	334
272.150000	273.110000	335
273.220000	273.430000	336
273.570000	273.990000	337
274.380000	275.090000	338
275.530000	276.400000	339
276.860000	277.990000	340
278.120000	278.280000	341
278.470000	278.480000	342
278.640000	278.740000	343
279.400000	279.780000	344
280.250000	280.560000	345
281.040000	281.390000	346
281.589268	283.190000	348
283.480000	283.820000	349
283.950000	284.800000	350
285.350000	285.580000	351
285.700000	286.230000	352
286.360000	286.630000	353
287.160000	287.820000	354
287.990000	288.370000	355
288.530000	288.670000	356
288.960000	289.050000	357
289.180000	289.850000	358
289.990000	290.090000	359
290.240000	290.610000	360
291.240000	291.760000	361
291.910000	292.520000	362
292.640000	294.380000	363
294.870000	295.190000	364
295.310000	295.330000	365
295.440000	296.310000	366
296.440000	297.300000	367
298.080000	298.240000	368
298.360000	300.130000	369
300.290000	300.460000	370
300.580000	300.790000	371
301.130000	302.200000	372
302.730000	303.080000	373
303.200000	303.280000	374
303.410000	303.770000	375
304.210000	304.550000	376
304.810000	306.240000	377
306.710000	307.450000	378
307.600000	307.930000	379
308.050000	308.100000	380
308.260000	308.380000	381
308.490000	308.500000	382
308.660000	309.030000	383
309.380000	310.180000	384
310.340000	310.540000	385
311.240000	311.360000	386
311.470000	311.900000	387
312.600000	312.720000	388
312.930000	312.970000	389
313.110000	313.190000	390
313.310000	313.640000	391
313.780000	314.390000	392
315.180000	315.340000	393
315.570000	315.680000	394
316.420000	317.060000	395
318.340000	318.930000	396
319.900000	320.450000	397
321.010000	321.610000	398
321.800000	321.830000	399
321.950000	322.450000	400
322.700000	323.260000	401
323.370000	323.420000	402
323.540000	323.760000	403
323.880000	324.570000	404
324.910000	325.130000	405
325.620000	325.630000	406
325.870000	326.670000	407
327.170000	327.930000	408
328.040000	328.140000	409
328.860000	328.990000	410
329.210000	330.190000	411
330.520000	331.770000	412
332.340000	333.480000	413
333.620000	333.980000	414
334.310000	334.830000	415
334.950000	335.340000	416
335.460000	336.080000	417
336.440000	337.420000	418
337.610000	337.950000	419
338.070000	338.510000	420
339.390000	339.550000	421
339.660000	340.020000	422
340.140000	340.300000	423
340.410000	341.090000	424
341.390000	342.110000	425
342.220000	342.260000	426
342.490000	343.270000	427
343.380000	343.500000	428
343.620000	344.110000	429
344.800000	344.920000	430
346.020000	346.430000	431
346.540000	346.660000	432
346.780000	347.420000	433
347.840000	349.300000	434
349.410000	350.160000	435
350.300000	350.990000	436
351.210000	351.280000	437
351.440000	352.160000	438
352.370000	353.310000	439
353.760000	354.420000	440
354.570000	355.300000	441
355.430000	355.460000	442
355.820000	356.800000	443
357.430000	358.500000	444
358.620000	358.820000	445
358.950000	360.050000	446
360.280000	360.340000	447
360.590000	361.050000	448
361.250000	361.570000	449
362.200000	362.550000	450
363.010000	363.490000	451
363.640000	365.090000	452
365.720000	366.650000	453
366.760000	366.910000	454
367.030000	367.150000	455
367.290000	368.790000	456
368.900000	368.950000	457
369.060000	369.470000	458
369.990000	370.050000	459
370.160000	370.200000	460
370.320000	370.390000	461
370.520000	371.270000	462
371.590000	372.250000	463
372.380000	372.680000	464
373.080000	373.560000	465
373.680000	374.240000	466
374.610000	374.750000	467
374.890000	375.170000	468
375.580000	376.220000	469
376.340000	377.590000	470
378.270000	380.600000	471
381.170000	381.250000	472
381.360000	381.990000	473
382.460000	382.550000	474
382.660000	382.800000	475
383.040000	383.070000	476
383.430000	383.980000	477
384.460000	384.550000	478
384.670000	385.030000	479
385.220000	385.770000	480
386.790000	387.070000	481
387.360000	387.860000	482
388.010000	388.120000	483
389.280000	389.810000	484
390.240000	390.580000	485
391.130000	391.250000	486
391.420000	392.640000	487
392.940000	393.340000	488
393.490000	393.940000	489
394.280000	395.230000	490
395.340000	395.430000	491
395.850000	396.460000	492
396.570000	396.900000	493
397.430000	397.730000	494
397.840000	398.270000	495
398.970000	399.330000	496
400.010000	400.320000	497
400.860000	401.010000	498
401.120000	401.460000	499
402.030000	402.420000	500
403.090000	403.340000	501
403.450000	403.830000	502
403.980000	404.240000	503
404.930000	405.710000	504
405.830000	405.920000	505
406.080000	406.500000	506
407.150000	407.490000	507
407.980000	408.310000	508
408.450000	408.630000	509
409.260000	409.600000	510
410.060000	410.350000	511
410.830000	411.200000	512
411.560000	412.050000	513
412.620000	412.800000	514
413.220000	414.450000	515
415.000000	415.470000	516
416.470000	417.810000	517
417.920000	418.550000	518
419.360000	419.570000	519
419.710000	420.650000	520
421.030000	422.080000	521
422.250000	422.760000	522
422.870000	422.940000	523
423.130000	423.560000	524
423.900000	424.650000	525
424.800000	424.880000	526
425.330000	425.540000	527
425.680000	425.790000	528
425.970000	426.080000	529
426.530000	427.550000	530
428.030000	428.720000	531
428.840000	429.540000	532
429.680000	429.930000	533
430.190000	430.620000	534
430.950000	431.110000	535
431.220000	431.930000	536
432.060000	432.440000	537
432.700000	432.710000	538
432.860000	433.160000	539
433.270000	433.440000	540
434.010000	435.020000	541
435.450000	435.970000	542
436.430000	437.420000	543
437.920000	438.770000	544
439.170000	439.750000	545
439.890000	440.000000	546
440.180000	440.270000	547
440.860000	441.290000	548
441.800000	442.110000	549
442.630000	443.130000	550
443.510000	445.710000	551
445.840000	446.310000	552
446.910000	447.790000	553
448.160000	448.460000	554
449.460000	450.190000	555
450.590000	452.010000	556
452.350000	453.390000	557
453.740000	454.100000	558
454.230000	454.570000	559
454.860000	455.100000	560
455.860000	456.340000	561
457.050000	457.200000	562
457.670000	458.230000	563
458.630000	458.710000	564
458.830000	459.990000	565
460.110000	460.440000	566
461.090000	462.040000	567
462.190000	462.900000	568
463.580000	463.960000	569
464.270000	464.280000	570
464.440000	465.400000	571
465.900000	466.830000	572
467.140000	467.720000	573
467.840000	468.510000	574
468.620000	469.120000	575
469.690000	470.730000	576
470.850000	470.930000	577
471.050000	471.630000	578
471.760000	471.900000	579
472.460000	472.900000	580
473.550000	474.830000	581
475.180000	476.150000	582
476.280000	476.490000	583
476.630000	476.950000	584
477.550000	477.980000	585
478.460000	478.890000	586
479.540000	479.950000	587
480.440000	480.900000	588
481.090000	481.130000	589
481.290000	481.480000	590
481.590000	482.330000	591
483.330000	483.830000	592
484.520000	484.870000	593
485.180000	485.760000	594
485.900000	486.250000	595
487.430000	487.920000	597
488.030000	488.580000	598
488.720000	488.990000	599
489.600000	490.490000	600
490.610000	491.070000	601
491.410000	492.370000	602
492.480000	492.620000	603
492.930000	493.780000	604
494.150000	494.850000	605
495.280000	496.500000	606
496.610000	497.970000	607
498.210000	499.490000	608
499.730000	500.060000	609
500.170000	500.530000	610
500.670000	501.290000	611
501.440000	501.460000	612
501.730000	501.940000	613
502.470000	503.080000	614
503.210000	504.630000	615
505.110000	505.530000	616
506.060000	506.300000	617
506.770000	506.960000	618
507.150000	507.490000	619
507.630000	507.720000	620
508.060000	508.170000	621
508.290000	508.690000	622
509.410000	509.550000	623
510.350000	510.620000	624
511.130000	511.780000	625
511.890000	512.020000	626
512.170000	512.700000	627
513.270000	514.620000	628
514.750000	515.540000	629
517.460000	517.680000	631
517.810000	518.030000	632
518.140000	518.190000	633
518.860000	519.160000	634
519.840000	520.370000	635
521.120000	521.490000	636
522.250000	523.470000	638
523.600000	523.870000	639
524.210000	525.870000	640
526.030000	526.430000	641
526.960000	527.410000	642
527.960000	528.450000	643
528.570000	528.640000	644
528.780000	529.160000	645
529.890000	530.110000	646
530.910000	531.190000	647
531.750000	532.080000	648
532.550000	532.790000	649
533.020000	533.660000	650
533.860000	534.240000	651
534.740000	535.840000	652
537.400000	537.820000	653
537.930000	538.550000	654
539.360000	539.440000	655
539.590000	540.140000	656
540.260000	540.350000	657
540.510000	540.810000	658
540.930000	541.180000	659
541.660000	542.050000	660
542.590000	543.800000	661
543.910000	544.280000	662
544.940000	545.140000	663
545.970000	546.280000	664
546.750000	547.540000	665
548.270000	548.800000	666
549.480000	549.740000	667
550.390000	551.720000	668
552.270000	552.350000	669
552.470000	553.490000	670
554.010000	554.440000	671
555.180000	555.480000	672
555.730000	556.020000	673
556.200000	557.190000	674
557.430000	557.700000	675
557.840000	559.010000	676
559.364357	560.350000	678
560.497179	560.808964	680
561.130000	562.250000	681
562.580000	562.720000	682
562.880000	562.940000	683
563.070000	563.570000	684
563.700000	564.470000	685
565.120000	565.500000	687
566.070000	566.390000	688
567.060000	567.470000	689
567.720000	568.070000	690
568.210000	569.460000	691
569.730000	570.300000	692
570.440000	570.460000	693
571.010000	571.110000	694
571.250000	571.270000	695
571.430000	572.240000	696
572.560000	572.570000	697
572.860000	573.330000	698
574.060000	574.800000	699
575.450000	575.460000	700
575.580000	576.470000	701
576.620000	576.790000	702
576.930000	577.650000	703
577.800000	577.810000	704
578.030000	578.300000	705
578.620000	578.920000	706
579.150000	579.840000	707
580.520000	582.420000	708
582.730000	583.240000	709
583.400000	583.830000	710
584.300000	584.790000	711
584.970000	585.100000	712
585.240000	585.330000	713
585.450000	585.890000	714
586.340000	587.260000	715
587.410000	588.470000	716
588.960000	589.840000	717
590.210000	591.140000	718
591.300000	591.310000	719
591.810000	592.080000	720
592.770000	593.140000	721
593.720000	594.020000	722
594.130000	595.200000	723
595.650000	596.240000	724
596.360000	596.480000	725
598.010000	598.540000	726
599.230000	599.810000	727
600.220000	600.710000	728
601.080000	602.200000	729
602.870000	603.470000	730
604.000000	604.500000	731
605.040000	605.520000	732
605.930000	606.500000	733
606.630000	607.080000	734
607.250000	607.320000	735
607.840000	608.450000	736
608.970000	610.000000	737
610.460000	611.100000	738
611.700000	612.690000	739
612.800000	612.930000	740
613.470000	614.230000	741
614.350000	614.960000	742
615.270000	615.580000	743
615.690000	615.710000	744
615.950000	616.390000	745
616.650000	617.090000	746
617.220000	617.450000	747
617.560000	618.020000	748
618.140000	618.190000	749
618.300000	618.600000	750
618.880000	618.890000	751
619.030000	619.950000	752
620.130000	620.440000	753
620.570000	620.700000	754
621.280000	622.000000	755
622.170000	622.970000	756
623.410000	624.720000	757
625.190000	625.380000	758
625.630000	626.110000	759
626.270000	626.350000	760
626.470000	626.560000	761
627.210000	627.630000	762
627.870000	629.400000	763
629.910000	630.070000	764
630.460000	631.040000	765
631.180000	631.510000	766
632.020000	632.780000	767
632.940000	633.340000	768
634.040000	634.560000	769
634.700000	635.000000	770
635.330000	635.360000	771
635.480000	635.940000	772
636.260000	636.610000	773
637.160000	637.330000	774
637.710000	638.050000	775
638.410000	638.590000	776
638.790000	639.130000	777
639.250000	639.290000	778
639.410000	640.260000	779
640.450000	640.460000	780
640.890000	641.160000	781
641.670000	642.030000	782
642.580000	643.040000	783
643.410000	643.920000	784
644.210000	644.840000	785
645.220000	646.250000	786
646.820000	647.670000	787
648.210000	648.680000	788
648.810000	649.540000	789
649.670000	651.010000	790
651.410000	651.520000	791
651.630000	652.260000	792
652.810000	653.070000	793
653.260000	653.370000	794
653.500000	654.130000	795
654.280000	654.430000	796
654.890000	655.720000	797
655.830000	656.180000	798
656.690000	657.430000	799
658.020000	658.570000	800
658.680000	659.090000	801
659.250000	659.640000	802
659.800000	659.900000	803
660.010000	661.030000	804
661.390000	661.400000	805
661.540000	661.600000	806
661.710000	662.550000	807
663.160000	663.680000	808
664.200000	665.000000	809
665.130000	665.390000	810
665.510000	665.810000	811
665.920000	666.450000	812
666.570000	666.750000	813
667.090000	667.330000	814
667.590000	667.890000	815
668.060000	668.430000	816
669.280000	669.600000	819
669.850000	669.930000	820
671.370000	671.730000	821
671.900000	672.530000	822
673.260000	673.730000	823
674.090000	674.860000	824
675.350000	675.660000	825
675.780000	675.870000	826
675.990000	676.000000	827
676.270000	676.950000	828
677.170000	677.490000	829
678.720000	679.110000	830
680.250000	680.610000	832
681.600000	681.930000	833
682.200000	682.810000	834
682.970000	683.000000	835
683.120000	683.580000	836
683.980000	684.430000	837
684.690000	685.250000	838
685.650000	686.560000	839
686.950000	687.670000	841
688.780000	689.110000	843
689.230000	689.530000	844
690.170000	691.160000	845
691.770000	693.150000	846
693.970000	695.230000	847
695.340000	695.730000	848
696.060000	696.330000	849
696.480000	696.950000	850
697.390000	697.470000	851
697.620000	698.960000	852
699.100000	699.160000	853
699.290000	699.340000	854
699.460000	700.120000	855
700.270000	700.780000	856
700.920000	700.960000	857
701.150000	702.110000	858
702.730000	703.230000	859
703.780000	704.620000	860
704.730000	704.790000	861
704.950000	704.960000	862
705.140000	705.260000	863
705.380000	705.420000	864
705.590000	706.070000	865
706.480000	707.350000	866
707.920000	708.360000	867
708.880000	709.910000	868
710.310000	710.520000	869
710.880000	711.070000	870
711.300000	711.580000	871
711.840000	711.920000	872
712.070000	712.420000	873
713.080000	713.280000	874
714.100000	714.400000	875
715.210000	715.580000	876
716.220000	716.590000	877
716.770000	716.850000	878
717.260000	717.720000	879
718.220000	718.280000	880
718.540000	718.870000	881
719.690000	719.920000	882
720.710000	721.010000	883
721.740000	722.080000	884
722.510000	723.910000	885
724.030000	724.440000	886
724.620000	724.860000	887
725.290000	725.490000	888
725.610000	725.950000	889
726.760000	727.120000	890
727.260000	727.780000	891
727.900000	728.390000	892
728.530000	728.820000	893
729.190000	729.600000	894
730.200000	730.640000	895
730.790000	731.720000	896
732.050000	732.590000	897
732.700000	732.920000	898
733.970000	734.220000	899
734.990000	735.320000	900
736.060000	736.360000	901
736.890000	737.380000	902
737.530000	737.760000	903
738.990000	739.350000	906
739.590000	739.980000	907
740.790000	741.030000	908
741.920000	742.240000	910
742.890000	743.200000	911
743.480000	744.750000	912
744.910000	745.140000	913
745.820000	746.010000	914
746.200000	746.670000	915
747.340000	747.800000	916
748.380000	748.800000	917
749.390000	749.760000	918
750.275946	751.840071	920
751.940000	752.010000	922
752.140000	752.690000	923
752.810000	753.220000	924
753.380000	753.830000	925
753.940000	754.030000	926
754.150000	754.660000	927
755.070000	755.080000	928
755.280000	755.390000	929
755.500000	755.760000	930
755.880000	756.660000	931
757.180000	757.840000	932
757.970000	758.420000	933
758.530000	758.610000	934
758.760000	759.000000	935
759.120000	759.810000	936
759.980000	760.060000	937
760.170000	760.630000	938
760.960000	762.170000	939
762.280000	762.930000	940
763.280000	764.050000	941
764.280000	765.280000	942
765.740000	767.210000	943
767.860000	768.312750	944
768.780000	769.118196	946
769.800000	770.190000	948
770.470000	771.217554	949
771.700000	771.990000	951
772.130000	772.680000	952
773.200000	773.500000	953
774.190000	774.630000	954
775.210000	775.650000	955
775.940000	776.315250	956
777.030000	778.110000	958
778.770000	778.890000	959
779.687732	780.940000	961
781.470000	781.650000	962
781.770000	782.120000	963
782.240000	782.760000	964
783.060000	783.280000	965
783.410000	783.950000	966
784.240000	785.040000	967
785.380000	787.799357	968
787.930000	788.830000	973
788.940000	790.260000	974
790.740000	791.250000	975
791.440000	791.610000	976
791.740000	792.080000	977
792.220000	792.700000	978
792.850000	793.450000	979
794.170000	794.570000	980
795.170000	795.660000	981
796.130000	796.600000	982
797.010000	797.480000	984
797.850000	798.590000	985
798.740000	799.270000	986
799.460000	799.970000	987
800.630000	801.150000	988
801.630000	802.140000	989
802.520000	803.010000	990
803.120000	803.640000	991
803.780000	804.130000	992
804.260000	806.189518	993
806.580000	806.820000	999
806.950000	807.360000	1000
808.030000	808.310000	1001
809.000000	809.290000	1002
809.930000	811.460000	1003
811.580000	811.690000	1004
811.850000	812.230000	1005
813.260000	813.940000	1006
814.060000	814.070000	1007
814.360000	814.460000	1008
814.660000	815.410000	1009
815.990000	816.090000	1010
816.210000	816.350000	1011
816.510000	818.340000	1012
818.480000	818.700000	1013
818.830000	819.240000	1014
819.740000	820.040000	1015
820.150000	820.610000	1016
821.300000	821.480000	1017
821.710000	822.130000	1018
822.290000	822.550000	1019
822.680000	823.270000	1020
823.700000	824.240000	1021
824.350000	824.540000	1022
824.720000	824.970000	1023
825.140000	825.360000	1024
825.490000	826.420000	1025
826.820000	827.080000	1026
827.620000	827.780000	1027
827.890000	828.400000	1028
829.110000	829.280000	1030
830.470000	830.860000	1031
832.350000	832.710000	1032
833.350000	833.950000	1033
834.340000	834.510000	1034
834.670000	834.730000	1035
835.000000	835.250000	1036
835.390000	835.710000	1037
835.990000	836.500000	1038
836.730000	837.250000	1039
837.930000	838.490000	1040
839.020000	839.540000	1041
840.110000	840.670000	1042
840.860000	840.890000	1043
841.050000	841.470000	1044
841.900000	842.360000	1045
842.470000	842.800000	1046
843.280000	843.580000	1047
843.730000	843.760000	1048
844.150000	845.340000	1049
845.520000	846.300000	1050
846.670000	848.100000	1051
848.240000	848.430000	1052
848.540000	849.400000	1053
849.850000	850.990000	1054
851.510000	851.810000	1055
851.920000	852.190000	1056
852.680000	853.260000	1057
853.390000	853.400000	1058
853.530000	853.910000	1059
854.170000	854.260000	1060
854.430000	854.850000	1061
855.410000	856.060000	1062
856.180000	856.320000	1063
856.680000	857.230000	1064
857.360000	857.430000	1065
857.550000	857.680000	1066
857.920000	858.620000	1067
859.090000	859.750000	1068
860.000000	860.400000	1069
860.910000	861.160000	1070
861.490000	861.500000	1071
861.630000	861.700000	1072
862.030000	862.110000	1073
862.240000	862.510000	1074
862.860000	864.270000	1075
864.900000	865.210000	1076
865.320000	865.420000	1077
865.700000	865.970000	1078
866.370000	867.830000	1079
868.410000	868.750000	1080
869.120000	869.310000	1081
869.460000	869.700000	1082
870.120000	870.460000	1083
870.590000	870.980000	1084
871.470000	873.280000	1085
873.750000	873.990000	1086
874.100000	874.960000	1087
875.310000	875.650000	1088
875.780000	876.540000	1089
876.820000	877.590000	1090
877.720000	878.140000	1091
878.550000	878.870000	1092
879.230000	879.440000	1093
879.550000	880.480000	1094
880.790000	881.080000	1095
881.190000	881.830000	1096
882.380000	882.660000	1097
883.260000	883.700000	1098
884.160000	884.950000	1099
885.540000	886.080000	1100
886.770000	888.170000	1101
888.370000	888.460000	1102
888.580000	890.770000	1103
891.150000	891.270000	1104
891.410000	891.470000	1105
891.660000	892.500000	1106
892.930000	893.170000	1107
894.290000	894.490000	1110
894.600000	894.850000	1111
895.450000	895.550000	1112
895.660000	895.920000	1113
896.830000	897.400000	1115
898.160000	898.460000	1116
898.600000	898.950000	1117
899.490000	900.670000	1118
900.850000	900.940000	1119
901.150000	902.730000	1120
902.900000	902.990000	1121
903.120000	903.250000	1122
903.380000	904.430000	1123
904.560000	905.020000	1124
905.320000	906.010000	1125
906.380000	907.110000	1126
907.390000	907.650000	1127
907.780000	908.210000	1128
908.610000	910.310000	1129
910.830000	911.300000	1130
911.450000	911.920000	1131
912.170000	912.180000	1132
912.310000	913.770000	1133
913.990000	914.000000	1134
914.200000	914.910000	1135
915.270000	915.340000	1136
915.460000	916.610000	1137
916.720000	917.100000	1138
917.730000	918.020000	1139
918.690000	918.780000	1140
918.940000	919.610000	1141
919.760000	920.170000	1142
920.390000	920.410000	1143
920.630000	920.830000	1144
920.940000	922.030000	1145
922.820000	923.040000	1146
923.510000	923.870000	1147
923.980000	924.890000	1148
925.740000	926.220000	1150
926.380000	926.550000	1151
926.670000	926.860000	1152
927.450000	927.570000	1153
927.720000	928.060000	1154
928.190000	928.290000	1155
929.600000	929.650000	1157
929.890000	930.970000	1158
931.080000	931.640000	1159
932.070000	932.140000	1160
932.320000	932.450000	1161
932.590000	932.780000	1162
933.250000	933.510000	1163
933.690000	933.760000	1164
934.010000	934.230000	1165
934.370000	934.430000	1166
934.550000	935.040000	1167
935.180000	935.380000	1168
935.540000	935.700000	1169
935.830000	936.460000	1170
936.590000	936.950000	1171
937.470000	937.580000	1172
937.980000	938.540000	1173
938.700000	939.160000	1174
939.640000	939.910000	1176
940.020000	940.100000	1177
940.290000	940.820000	1178
941.330000	941.500000	1179
941.630000	942.110000	1180
942.400000	943.270000	1181
943.430000	943.620000	1182
944.020000	944.900000	1183
945.510000	945.840000	1184
946.150000	946.180000	1185
946.460000	946.520000	1186
946.640000	946.670000	1187
946.820000	947.100000	1188
947.840000	948.360000	1189
948.910000	949.444661	1190
949.760000	952.354661	1192
952.970000	953.700000	1195
954.090000	954.800000	1196
955.210000	955.700000	1197
957.030000	957.270000	1198
957.390000	958.280000	1199
959.090000	959.830000	1200
961.080000	962.270000	1202
963.470000	963.989464	1205
964.910000	965.650000	1207
966.280000	966.960000	1208
967.230000	967.630000	1209
967.750000	967.780000	1210
967.950000	968.380000	1211
968.860000	969.520000	1213
969.970000	970.710000	1214
970.830000	971.350000	1215
971.800000	972.610000	1216
973.030000	975.370000	1217
976.010000	976.710000	1218
976.910000	978.160000	1219
978.740000	980.930000	1220
981.440000	982.340000	1221
982.460000	982.680000	1222
982.800000	983.690000	1223
983.800000	983.840000	1224
984.000000	984.230000	1225
984.590000	985.100000	1226
985.210000	985.810000	1227
985.920000	986.890000	1228
987.340000	987.990000	1229
988.300000	990.180000	1230
990.600000	991.350000	1232
991.550000	991.940000	1233
992.240000	992.710000	1234
993.120000	994.923804	1235
995.048518	996.320000	1240
996.480000	996.590000	1241
997.080000	997.720000	1242
998.370000	998.830000	1243
999.530000	1000.050000	1244
1000.770000	1002.240375	1245
1002.650000	1002.950000	1246
1003.060000	1003.310000	1247
1003.700000	1004.170000	1248
1004.290000	1004.890000	1249
1005.310000	1006.390000	1250
1007.030000	1007.560000	1251
1007.970000	1008.491679	1252
1008.760000	1009.210000	1254
1009.690000	1010.150000	1255
1010.596232	1011.290000	1257
1011.670000	1011.680000	1258
1011.790000	1013.960000	1259
1014.510000	1014.910000	1260
1015.382143	1016.040000	1262
1016.390000	1017.330000	1263
1017.480000	1019.380000	1264
1020.350000	1021.460000	1267
1022.510000	1023.190000	1268
1023.610000	1024.530000	1269
1025.040000	1025.520000	1270
1026.110000	1026.760000	1271
1027.290000	1028.570000	1272
1029.200000	1029.430000	1273
1029.750000	1029.760000	1274
1029.930000	1030.120000	1275
1030.260000	1030.670000	1276
1031.040000	1031.640000	1277
1031.760000	1032.180000	1278
1032.700000	1032.890000	1279
1033.140000	1033.910000	1280
1034.060000	1034.450000	1281
1034.570000	1034.790000	1282
1035.330000	1036.530000	1283
1036.750000	1036.970000	1284
1037.090000	1037.320000	1285
1037.450000	1037.710000	1286
1038.030000	1038.330000	1287
1038.460000	1039.080000	1288
1039.380000	1039.430000	1289
1039.590000	1040.370000	1290
1040.490000	1041.640000	1291
1042.110000	1042.420000	1292
1042.540000	1042.970000	1293
1043.120000	1043.130000	1294
1043.250000	1044.030000	1295
1044.500000	1046.368446	1296
1046.710000	1046.720000	1301
1046.920000	1047.260000	1302
1047.670000	1048.090000	1303
1048.260000	1049.290000	1304
1049.520000	1050.220000	1305
1050.390000	1050.410000	1306
1050.630000	1051.030000	1307
1051.520000	1051.960000	1308
1052.580000	1053.020000	1309
1053.710000	1054.020000	1310
1054.661902	1055.500000	1312
1056.250000	1057.190000	1314
1058.240000	1059.221751	1315
1059.418653	1059.729552	1317
1059.880000	1060.817698	1318
1060.910967	1063.000000	1323
1063.140000	1063.150000	1324
1063.600000	1063.720000	1325
1063.830000	1064.150000	1326
1064.550000	1064.940000	1327
1065.060000	1065.100000	1328
1065.230000	1065.480000	1329
1065.780000	1066.090000	1330
1066.490000	1067.180000	1331
1067.640000	1068.470000	1332
1068.800000	1068.870000	1333
1069.000000	1069.050000	1334
1069.460000	1069.550000	1335
1069.670000	1069.810000	1336
1070.010000	1071.230000	1337
1071.650000	1071.690000	1338
1071.840000	1073.250000	1339
1073.420000	1073.870000	1340
1074.090000	1074.240000	1341
1075.270000	1076.210000	1342
1076.340000	1076.530000	1343
1076.940000	1077.370000	1344
1077.520000	1077.810000	1345
1078.050000	1078.180000	1346
1078.320000	1078.350000	1347
1078.940000	1079.950000	1348
1080.230000	1080.740000	1349
1081.090000	1081.590000	1350
1081.720000	1082.080000	1351
1082.490000	1082.500000	1352
1082.640000	1082.840000	1353
1082.950000	1083.050000	1354
1083.260000	1083.730000	1355
1083.990000	1084.200000	1356
1084.330000	1085.030000	1357
1085.140000	1085.310000	1358
1085.960000	1086.410000	1359
1086.530000	1087.360000	1360
1087.660000	1089.010000	1361
1089.480000	1089.940000	1362
1090.440000	1090.580000	1363
1090.750000	1090.820000	1364
1090.980000	1091.070000	1365
1091.270000	1091.460000	1366
1091.850000	1092.270000	1367
1092.430000	1092.490000	1368
1092.790000	1093.390000	1369
1094.100000	1094.830000	1370
1094.950000	1095.780000	1371
1095.900000	1095.920000	1372
1096.180000	1096.430000	1373
1096.590000	1096.670000	1374
1097.280000	1097.490000	1375
1097.610000	1097.980000	1376
1098.140000	1098.270000	1377
1098.760000	1098.910000	1378
1099.050000	1099.700000	1379
1100.220000	1100.700000	1380
1100.820000	1102.000000	1381
1102.490000	1103.600000	1382
1103.720000	1103.850000	1383
1103.980000	1104.440000	1384
1104.800000	1104.870000	1385
1104.980000	1106.240000	1386
1106.690000	1107.280000	1387
1107.470000	1107.870000	1388
1108.510000	1108.860000	1389
1109.470000	1110.270000	1390
1110.440000	1110.510000	1391
1110.710000	1111.900000	1392
1113.930000	1114.480000	1396
1114.610000	1115.050000	1397
1115.700000	1115.830000	1398
1116.140000	1116.400000	1399
1116.510000	1116.940000	1400
1117.060000	1117.090000	1401
1117.620000	1117.780000	1402
1117.920000	1118.430000	1403
1118.730000	1118.740000	1404
1118.870000	1119.450000	1405
1119.670000	1120.530000	1406
1120.900000	1120.920000	1407
1121.050000	1121.370000	1408
1121.520000	1121.680000	1409
1121.790000	1122.190000	1410
1122.430000	1122.590000	1411
1122.740000	1122.870000	1412
1123.010000	1123.210000	1413
1124.550000	1125.060000	1416
1125.300000	1125.310000	1417
1125.440000	1126.090000	1418
1126.200000	1127.310000	1419
1128.840000	1128.850000	1423
1129.060000	1129.860000	1424
1130.010000	1130.020000	1425
1130.420000	1131.000000	1426
1131.130000	1131.540000	1427
1131.660000	1131.670000	1428
1132.980000	1133.850000	1430
1134.120000	1134.700000	1431
1134.880000	1134.910000	1432
1135.630000	1135.790000	1433
1136.390000	1136.980000	1434
1137.460000	1137.950000	1435
1138.340000	1138.730000	1436
1139.170000	1139.560000	1437
1140.040000	1140.440000	1438
1141.140000	1141.800000	1439
1143.010000	1143.640000	1440
1144.400000	1144.940000	1441
1145.630000	1146.300000	1442
1146.430000	1146.570000	1443
1147.390000	1147.540000	1444
1147.720000	1147.840000	1445
1148.050000	1148.090000	1446
1148.270000	1148.440000	1447
1148.950000	1149.580000	1448
1150.090000	1150.540000	1449
1150.660000	1151.320000	1450
1151.810000	1153.859337	1451
1154.280000	1155.120000	1453
1155.260000	1155.440000	1454
1155.960000	1157.050000	1455
1157.580000	1158.220000	1456
1158.670000	1158.750000	1457
1158.900000	1158.940000	1458
1159.590000	1159.900000	1459
1160.150000	1160.160000	1460
1160.390000	1160.840000	1461
1161.570000	1161.910000	1462
1162.020000	1162.260000	1463
1162.640000	1162.870000	1464
1163.240000	1163.430000	1465
1163.630000	1164.050000	1466
1164.500000	1164.670000	1467
1164.790000	1164.960000	1468
1165.580000	1166.010000	1469
1166.450000	1166.820000	1470
1167.360000	1167.480000	1471
1168.130000	1168.660000	1472
1168.890000	1170.120000	1473
1170.440000	1170.490000	1474
1170.640000	1170.920000	1475
1171.060000	1171.220000	1476
1171.480000	1171.770000	1477
1171.900000	1172.590000	1478
1174.030000	1174.510000	1480
1175.160000	1175.320000	1481
1175.640000	1176.230000	1482
1176.530000	1176.600000	1483
1176.720000	1177.320000	1484
1177.690000	1178.480000	1485
1178.750000	1179.160000	1486
1179.550000	1180.010000	1487
1180.450000	1180.870000	1488
1181.080000	1181.590000	1489
1182.200000	1183.230000	1490
1183.530000	1183.750000	1491
1184.120000	1184.740000	1492
1185.140000	1185.150000	1493
1185.340000	1185.690000	1494
1185.860000	1186.340000	1495
1186.660000	1186.780000	1496
1186.890000	1187.060000	1497
1187.820000	1187.850000	1498
1187.960000	1188.040000	1499
1188.170000	1188.680000	1500
1188.820000	1189.250000	1501
1189.360000	1190.010000	1502
1190.150000	1190.380000	1503
1190.540000	1190.580000	1504
1190.760000	1190.770000	1505
1190.940000	1191.510000	1506
1191.650000	1191.820000	1507
1191.950000	1192.210000	1508
1192.330000	1192.480000	1509
1192.680000	1193.290000	1510
1193.420000	1193.800000	1511
1194.270000	1194.900000	1512
1195.020000	1195.050000	1513
1195.180000	1195.830000	1514
1196.380000	1196.980000	1515
1197.090000	1197.450000	1516
1198.110000	1198.750000	1517
1199.300000	1199.720000	1518
1200.210000	1200.510000	1519
1201.010000	1201.350000	1520
1201.570000	1201.810000	1521
1201.930000	1202.470000	1522
1202.580000	1202.630000	1523
1203.000000	1204.160000	1524
1204.360000	1204.390000	1525
1204.540000	1204.660000	1526
1204.860000	1204.910000	1527
1205.360000	1205.610000	1528
1205.810000	1205.910000	1529
1206.040000	1206.110000	1530
1206.760000	1207.340000	1531
1207.600000	1208.430000	1532
1208.600000	1208.870000	1533
1209.080000	1209.120000	1534
1209.240000	1209.470000	1535
1209.680000	1210.160000	1536
1210.310000	1210.590000	1537
1210.890000	1211.200000	1538
1211.800000	1213.090000	1539
1213.770000	1215.030000	1540
1215.600000	1216.160000	1541
1216.360000	1217.180000	1542
1217.710000	1217.720000	1543
1217.880000	1219.390000	1544
1219.540000	1219.880000	1545
1220.460000	1220.650000	1546
1220.770000	1221.000000	1547
1221.170000	1221.180000	1548
1222.250000	1222.400000	1549
1222.530000	1222.800000	1550
1222.920000	1223.960000	1551
1224.180000	1224.390000	1552
1224.510000	1225.120000	1553
1225.330000	1225.420000	1554
1225.620000	1226.860000	1555
1227.030000	1227.600000	1556
1227.720000	1228.060000	1557
1228.390000	1228.420000	1558
1228.530000	1228.990000	1559
1229.130000	1229.180000	1560
1229.350000	1229.950000	1561
1230.060000	1230.270000	1562
1230.450000	1230.470000	1563
1230.680000	1231.490000	1564
1231.600000	1231.980000	1565
1232.370000	1232.650000	1566
1232.780000	1232.940000	1567
1233.230000	1233.240000	1568
1233.390000	1233.740000	1569
1233.920000	1234.620000	1570
1235.020000	1236.110000	1571
1236.260000	1236.270000	1572
1236.410000	1236.840000	1573
1237.350000	1237.470000	1574
1237.580000	1237.770000	1575
1237.900000	1237.920000	1576
1238.110000	1238.980000	1577
1239.560000	1240.020000	1578
1240.490000	1241.030000	1579
1241.160000	1241.620000	1580
1242.070000	1242.770000	1581
1244.400000	1244.520000	1582
1245.270000	1245.640000	1583
1246.370000	1246.450000	1584
1247.460000	1248.680000	1585
1248.940000	1248.960000	1586
1249.400000	1249.740000	1587
1250.640000	1250.720000	1588
1251.790000	1252.990000	1589
1254.220000	1254.780000	1591
1254.920000	1255.220000	1592
1255.330000	1255.390000	1593
1255.680000	1255.850000	1594
1255.970000	1256.160000	1595
1256.310000	1256.770000	1596
1257.130000	1257.590000	1597
1258.310000	1258.580000	1598
1258.700000	1258.830000	1599
1260.510000	1261.090000	1600
1261.220000	1261.280000	1601
1261.680000	1262.040000	1602
1262.530000	1263.540000	1603
1263.690000	1263.780000	1604
1263.900000	1263.950000	1605
1264.330000	1264.840000	1606
1265.110000	1265.540000	1607
1266.000000	1266.390000	1608
1266.860000	1266.890000	1609
1267.000000	1268.730000	1610
1269.090000	1269.590000	1611
1271.350000	1271.400000	1613
1271.510000	1271.640000	1614
1271.800000	1272.070000	1615
1272.560000	1273.040000	1616
1275.659112	1276.290000	1620
1277.390000	1278.100000	1621
1278.350000	1278.360000	1622
1278.530000	1279.950000	1623
1280.070000	1280.140000	1624
1280.680000	1281.310000	1625
1281.920000	1282.840000	1626
1283.500000	1283.860000	1627
1284.000000	1284.060000	1628
1284.770000	1285.560000	1629
1285.740000	1286.580000	1630
1287.000000	1287.790000	1631
1287.930000	1288.510000	1632
1288.640000	1289.070000	1633
1289.520000	1290.416440	1634
1291.160000	1291.850000	1636
1292.270000	1293.200000	1637
1293.370000	1293.410000	1638
1294.050000	1294.090000	1639
1294.230000	1294.320000	1640
1294.560000	1295.040000	1641
1295.180000	1295.230000	1642
1295.600000	1296.030000	1643
1296.300000	1296.310000	1644
1296.500000	1297.170000	1645
1297.280000	1297.810000	1646
1298.920000	1299.330000	1647
1299.530000	1300.340000	1648
1300.570000	1301.650000	1649
1301.780000	1302.980000	1650
1303.110000	1303.420000	1651
1304.060000	1304.170000	1652
1304.280000	1304.420000	1653
1304.550000	1304.770000	1654
1305.420000	1305.810000	1655
1306.310000	1306.900000	1656
1307.300000	1308.160000	1657
1308.670000	1309.430000	1658
1309.550000	1311.230000	1659
1311.710000	1312.310000	1660
1312.880000	1313.490000	1661
1314.090000	1315.770000	1662
1316.350000	1316.630000	1663
1317.100000	1317.350000	1664
1317.460000	1317.650000	1665
1317.790000	1317.840000	1666
1318.090000	1318.750000	1667
1319.290000	1319.760000	1668
1320.300000	1320.710000	1669
1321.360000	1322.960000	1670
1323.170000	1323.190000	1671
1323.830000	1325.020000	1672
1325.140000	1325.460000	1673
1325.660000	1325.950000	1674
1326.120000	1326.540000	1675
1327.040000	1327.240000	1676
1328.890000	1331.700000	1679
1331.870000	1331.900000	1680
1332.020000	1332.390000	1681
1332.520000	1333.150000	1682
1333.260000	1333.580000	1683
1333.870000	1335.670000	1684
1335.830000	1335.880000	1685
1336.140000	1337.220000	1686
1338.080000	1341.280000	1687
1341.490000	1341.500000	1688
1341.790000	1342.660000	1689
1342.790000	1342.890000	1690
1343.020000	1343.520000	1691
1344.120000	1344.480000	1692
1344.620000	1346.020000	1693
1346.180000	1346.400000	1694
1346.530000	1346.910000	1695
1347.870000	1348.160000	1696
1348.280000	1348.310000	1697
1348.560000	1348.730000	1698
1348.910000	1349.630000	1699
1349.740000	1349.830000	1700
1350.440000	1350.750000	1701
1350.860000	1350.970000	1702
1351.590000	1352.540000	1703
1353.090000	1354.850000	1704
1355.020000	1355.630000	1705
1356.330000	1356.590000	1706
1357.090000	1357.550000	1707
1358.040000	1359.180000	1708
1359.290000	1359.350000	1709
1359.480000	1359.490000	1710
1359.630000	1359.670000	1711
1359.780000	1359.870000	1712
1359.990000	1361.110000	1713
1361.770000	1362.000000	1714
1362.640000	1363.340000	1715
1363.750000	1364.090000	1716
1364.230000	1364.440000	1717
1364.680000	1364.750000	1718
1364.860000	1364.920000	1719
1365.080000	1365.340000	1720
1367.030000	1367.100000	1722
1367.250000	1368.740000	1723
1368.920000	1369.250000	1724
1369.400000	1369.450000	1725
1370.080000	1370.480000	1726
1370.590000	1370.660000	1727
1371.170000	1371.730000	1728
1371.860000	1372.010000	1729
1372.150000	1372.380000	1730
1372.600000	1373.020000	1731
1373.490000	1374.110000	1732
1374.250000	1375.320000	1733
1375.440000	1375.560000	1734
1375.680000	1375.690000	1735
1375.850000	1375.870000	1736
1376.010000	1376.830000	1737
1376.990000	1379.410000	1738
1379.540000	1379.590000	1739
1380.650000	1381.690000	1740
1382.410000	1382.980000	1741
1383.600000	1384.210000	1742
1384.330000	1384.680000	1743
1385.060000	1385.950000	1744
1387.000000	1389.520000	1745
1389.630000	1389.710000	1746
1389.870000	1390.020000	1747
1390.470000	1391.810000	1748
1391.960000	1392.010000	1749
1392.340000	1392.810000	1750
1393.350000	1393.650000	1751
1393.770000	1394.130000	1752
1394.390000	1394.850000	1753
1394.970000	1395.350000	1754
1395.890000	1396.250000	1755
1396.890000	1397.240000	1756
1397.750000	1398.010000	1757
1398.200000	1398.540000	1758
1399.280000	1399.690000	1759
1399.990000	1400.190000	1760
1400.990000	1401.160000	1761
1401.930000	1402.180000	1762
1402.870000	1403.080000	1763
1403.300000	1404.460000	1764
1404.720000	1405.150000	1765
1405.260000	1406.380000	1766
1406.710000	1408.510000	1767
1408.840000	1409.450000	1768
1409.600000	1409.840000	1769
1409.990000	1410.300000	1770
1411.000000	1411.300000	1771
1411.900000	1412.290000	1772
1412.780000	1414.190000	1773
1414.360000	1415.070000	1774
1415.210000	1416.110000	1775
1416.470000	1416.690000	1776
1416.890000	1417.030000	1777
1417.600000	1417.690000	1778
1418.040000	1418.420000	1779
1418.550000	1418.720000	1780
1418.850000	1418.980000	1781
1419.100000	1419.130000	1782
1419.350000	1419.490000	1783
1419.840000	1419.950000	1784
1420.080000	1420.300000	1785
1421.200000	1421.940000	1786
1422.060000	1422.160000	1787
1422.310000	1422.460000	1788
1422.920000	1423.610000	1789
1423.760000	1424.060000	1790
1424.170000	1424.260000	1791
1424.400000	1424.510000	1792
1425.190000	1425.810000	1793
1425.970000	1426.260000	1794
1426.440000	1426.540000	1795
1426.670000	1426.700000	1796
1427.570000	1427.670000	1797
1428.560000	1429.220000	1798
1430.120000	1430.250000	1799
1430.360000	1430.540000	1800
1432.080000	1432.300000	1801
1433.390000	1433.920000	1802
1434.530000	1436.220000	1803
1436.560000	1437.540000	1804
1438.030000	1438.880000	1805
1439.000000	1440.050000	1806
1440.230000	1440.310000	1807
1440.430000	1441.420000	1808
1441.570000	1442.480000	1809
1443.290000	1443.440000	1810
1443.620000	1444.240000	1811
1444.680000	1445.530000	1812
1445.640000	1445.880000	1813
1446.010000	1446.450000	1814
1446.610000	1447.190000	1815
1447.790000	1448.400000	1816
1448.870000	1448.960000	1817
1449.240000	1449.460000	1818
1449.620000	1449.720000	1819
1449.860000	1450.130000	1820
1450.260000	1450.300000	1821
1450.860000	1451.450000	1822
1452.150000	1452.700000	1823
1453.190000	1453.270000	1824
1453.420000	1453.760000	1825
1454.210000	1455.140000	1826
1455.310000	1456.660000	1827
1457.130000	1457.880000	1828
1458.100000	1458.940000	1829
1459.490000	1459.840000	1830
1460.270000	1461.040000	1831
1461.780000	1461.850000	1832
1462.080000	1462.210000	1833
1462.950000	1463.180000	1834
1463.310000	1463.410000	1835
1463.600000	1463.910000	1836
1464.420000	1464.860000	1837
1465.180000	1466.080000	1838
1466.220000	1466.860000	1839
1467.060000	1467.470000	1840
1467.910000	1468.250000	1841
1468.420000	1468.430000	1842
1469.010000	1469.570000	1843
1469.690000	1470.010000	1844
1470.280000	1470.360000	1845
1470.500000	1471.450000	1846
1471.920000	1472.480000	1847
1472.890000	1473.240000	1848
1473.350000	1473.880000	1849
1474.030000	1474.060000	1850
1474.560000	1474.710000	1851
1474.820000	1476.030000	1852
1476.260000	1476.280000	1853
1476.410000	1477.670000	1854
1478.190000	1478.660000	1855
1478.790000	1479.230000	1856
1479.340000	1479.360000	1857
1479.940000	1480.130000	1858
1481.000000	1481.300000	1859
1481.450000	1481.540000	1860
1481.650000	1481.710000	1861
1482.290000	1482.670000	1862
1483.430000	1484.020000	1863
1485.290000	1486.160000	1864
1487.160000	1488.054789	1865
1488.800000	1488.990000	1867
1490.070000	1490.570000	1868
1490.700000	1490.780000	1869
1490.900000	1491.080000	1870
1491.290000	1491.930000	1871
1492.040000	1492.160000	1872
1492.570000	1493.780000	1873
1494.390000	1495.330000	1874
1495.560000	1495.780000	1875
1495.890000	1496.040000	1876
1496.640000	1496.750000	1877
1496.940000	1497.120000	1878
1497.250000	1497.440000	1879
1498.790000	1499.300000	1880
1500.210000	1500.780000	1881
1501.370000	1502.580000	1882
1502.820000	1503.220000	1883
1503.330000	1503.690000	1884
1504.360000	1504.870000	1885
1505.180000	1505.200000	1886
1505.700000	1506.060000	1887
1506.270000	1506.460000	1888
1506.610000	1506.950000	1889
1507.680000	1508.210000	1890
1508.450000	1509.210000	1891
1509.360000	1509.430000	1892
1510.040000	1510.280000	1893
1510.570000	1511.140000	1894
1511.390000	1511.700000	1895
1512.080000	1512.630000	1896
1512.830000	1514.380000	1897
1514.720000	1514.910000	1898
1515.110000	1515.900000	1899
1516.430000	1517.370000	1900
1517.480000	1517.660000	1901
1517.790000	1517.870000	1902
1518.080000	1518.630000	1903
1518.760000	1519.010000	1904
1519.500000	1519.600000	1905
1519.710000	1520.220000	1906
1520.720000	1521.190000	1907
1521.330000	1521.470000	1908
1521.620000	1521.640000	1909
1521.990000	1522.470000	1910
1522.610000	1522.940000	1911
1523.340000	1523.910000	1912
1524.090000	1524.160000	1913
1524.300000	1524.880000	1914
1525.380000	1525.810000	1915
1526.310000	1528.080000	1916
1528.500000	1529.830000	1917
1530.640000	1530.870000	1918
1530.990000	1531.800000	1919
1532.180000	1532.690000	1920
1532.800000	1532.990000	1921
1533.480000	1534.020000	1922
1534.690000	1535.660000	1923
1536.250000	1536.740000	1924
1537.030000	1537.200000	1925
1537.370000	1537.560000	1926
1537.730000	1537.740000	1927
1538.260000	1538.470000	1928
1538.860000	1538.930000	1929
1539.050000	1539.260000	1930
1539.380000	1539.450000	1931
1539.570000	1539.940000	1932
1540.250000	1540.470000	1933
1540.870000	1541.080000	1934
1541.560000	1541.960000	1935
1542.460000	1543.070000	1936
1543.280000	1543.670000	1937
1544.020000	1544.290000	1938
1544.740000	1544.760000	1939
1544.880000	1545.340000	1940
1545.450000	1546.040000	1941
1546.430000	1546.770000	1942
1546.930000	1547.090000	1943
1547.340000	1547.890000	1944
1548.140000	1548.190000	1945
1548.550000	1549.190000	1946
1549.580000	1550.370000	1947
1550.490000	1550.630000	1948
1551.210000	1551.780000	1949
1552.270000	1552.710000	1950
1553.110000	1553.230000	1951
1553.810000	1553.980000	1952
1554.310000	1554.360000	1953
1554.470000	1555.930000	1954
1556.440000	1556.900000	1955
1557.020000	1557.150000	1956
1557.670000	1557.940000	1957
1558.210000	1558.640000	1958
1558.760000	1559.640000	1959
1560.100000	1560.510000	1960
1560.940000	1561.060000	1961
1561.500000	1563.370000	1962
1563.760000	1564.610000	1963
1565.270000	1565.990000	1964
1566.100000	1566.150000	1965
1566.260000	1566.350000	1966
1566.970000	1567.340000	1967
1567.560000	1567.600000	1968
1567.870000	1568.200000	1969
1568.770000	1569.060000	1970
1569.600000	1570.170000	1971
1570.320000	1570.330000	1972
1570.480000	1570.610000	1973
1570.790000	1571.230000	1974
1571.840000	1572.120000	1975
1572.270000	1572.690000	1976
1573.150000	1573.620000	1977
1574.030000	1574.100000	1978
1574.210000	1574.460000	1979
1574.910000	1574.930000	1980
1575.050000	1575.300000	1981
1575.490000	1575.760000	1982
1576.490000	1576.950000	1983
1577.730000	1578.400000	1984
1579.110000	1581.000000	1985
1581.180000	1581.190000	1986
1581.340000	1581.670000	1987
1581.800000	1582.010000	1988
1582.150000	1582.620000	1989
1583.040000	1583.450000	1990
1583.580000	1583.810000	1991
1583.980000	1584.280000	1992
1584.390000	1584.420000	1993
1584.970000	1585.100000	1994
1585.220000	1585.690000	1995
1586.190000	1586.500000	1996
1587.180000	1587.470000	1997
1587.610000	1587.910000	1998
1589.270000	1589.770000	1999
1590.090000	1590.230000	2000
1590.350000	1590.730000	2001
1591.010000	1591.400000	2002
1591.520000	1591.990000	2003
1592.210000	1592.220000	2004
1592.340000	1592.550000	2005
1592.680000	1592.730000	2006
1592.860000	1593.020000	2007
1593.170000	1593.420000	2008
1594.100000	1594.640000	2009
1595.160000	1595.670000	2010
1595.820000	1595.960000	2011
1596.500000	1597.000000	2012
1597.560000	1598.070000	2013
1598.540000	1599.400000	2014
1599.550000	1600.910000	2015
1601.110000	1601.130000	2016
1601.250000	1602.650000	2017
1602.770000	1602.780000	2018
1603.230000	1603.810000	2019
1603.920000	1604.280000	2020
1604.850000	1605.170000	2021
1605.460000	1606.080000	2022
1606.460000	1606.920000	2023
1607.270000	1607.620000	2024
1607.950000	1607.960000	2025
1608.200000	1608.430000	2026
1608.810000	1608.970000	2027
1609.120000	1611.210000	2028
1611.470000	1612.120000	2029
1612.230000	1612.970000	2030
1613.080000	1613.440000	2031
1613.810000	1614.110000	2032
1614.500000	1615.360000	2033
1615.950000	1616.070000	2034
1616.520000	1616.680000	2035
1616.890000	1617.760000	2036
1618.140000	1618.760000	2037
1620.030000	1620.190000	2038
1620.420000	1620.610000	2039
1620.920000	1621.710000	2040
1621.850000	1621.970000	2041
1622.380000	1623.210000	2042
1623.730000	1623.750000	2043
1623.980000	1624.690000	2044
1625.200000	1625.480000	2045
1625.590000	1626.240000	2046
1626.580000	1627.380000	2047
1627.500000	1627.800000	2048
1628.270000	1630.390000	2049
1631.130000	1631.770000	2050
1632.260000	1632.480000	2051
1632.630000	1632.870000	2052
1633.540000	1633.880000	2053
1634.570000	1635.580000	2054
1636.180000	1636.610000	2055
1636.720000	1636.860000	2056
1637.130000	1638.400000	2057
1638.800000	1638.870000	2058
1638.990000	1639.660000	2059
1640.070000	1640.530000	2060
1640.720000	1640.820000	2061
1641.400000	1641.580000	2062
1641.690000	1642.710000	2063
1643.050000	1643.590000	2064
1643.940000	1644.090000	2065
1644.220000	1645.730000	2066
1646.060000	1646.110000	2067
1646.220000	1646.740000	2068
1647.120000	1647.180000	2069
1647.330000	1647.620000	2070
1647.890000	1648.390000	2071
1648.530000	1651.070000	2072
1651.410000	1653.690000	2073
1654.030000	1654.340000	2074
1654.520000	1654.530000	2075
1654.690000	1654.720000	2076
1654.910000	1655.160000	2077
1655.490000	1655.620000	2078
1655.770000	1655.990000	2079
1656.130000	1656.520000	2080
1657.000000	1657.770000	2081
1658.070000	1658.780000	2082
1659.220000	1659.480000	2083
1659.600000	1660.180000	2084
1660.290000	1660.570000	2085
1660.960000	1661.340000	2086
1661.490000	1661.590000	2087
1662.170000	1662.570000	2088
1663.130000	1663.380000	2089
1664.450000	1664.770000	2090
1664.990000	1665.990000	2091
1666.150000	1667.170000	2092
1667.300000	1667.310000	2093
1667.450000	1667.610000	2094
1667.720000	1668.060000	2095
1668.320000	1668.620000	2096
1668.780000	1669.160000	2097
1669.350000	1669.420000	2098
1669.610000	1670.220000	2099
1670.360000	1670.570000	2100
1670.740000	1671.470000	2101
1671.690000	1671.700000	2102
1671.820000	1671.950000	2103
1672.400000	1673.090000	2104
1673.680000	1674.520000	2105
1674.660000	1674.680000	2106
1675.450000	1675.920000	2107
1676.030000	1676.170000	2108
1676.880000	1677.010000	2109
1677.130000	1677.280000	2110
1677.400000	1677.570000	2111
1677.920000	1679.260000	2112
1679.600000	1680.250000	2113
1680.520000	1681.290000	2114
1681.600000	1681.740000	2115
1681.880000	1682.670000	2116
1682.780000	1682.830000	2117
1683.320000	1683.810000	2118
1684.150000	1684.380000	2119
1684.500000	1684.560000	2120
1684.720000	1684.820000	2121
1685.230000	1685.980000	2122
1686.500000	1686.920000	2123
1687.420000	1687.490000	2124
1687.610000	1687.690000	2125
1687.870000	1688.640000	2126
1688.820000	1689.060000	2127
1689.240000	1689.600000	2128
1689.750000	1690.200000	2129
1690.610000	1690.970000	2130
1691.170000	1691.230000	2131
1692.310000	1692.930000	2132
1693.880000	1693.890000	2133
1694.000000	1694.370000	2134
1695.580000	1695.590000	2135
1695.740000	1695.980000	2136
1696.180000	1696.690000	2137
1697.030000	1698.360000	2138
1698.470000	1698.620000	2139
1698.730000	1699.180000	2140
1699.310000	1699.910000	2141
1700.310000	1700.320000	2142
1700.480000	1700.650000	2143
1701.150000	1701.500000	2144
1701.680000	1701.720000	2145
1701.850000	1702.280000	2146
1702.800000	1702.970000	2147
1703.440000	1703.620000	2148
1703.740000	1704.130000	2149
1704.670000	1704.710000	2150
1704.840000	1705.250000	2151
1705.780000	1706.150000	2152
1706.300000	1707.420000	2153
1707.580000	1707.760000	2154
1708.130000	1709.070000	2155
1709.630000	1710.500000	2156
1710.720000	1710.750000	2157
1711.020000	1711.960000	2158
1712.500000	1713.820000	2159
1714.460000	1714.840000	2160
1715.350000	1715.780000	2161
1716.180000	1716.850000	2162
1717.960000	1718.840000	2163
1718.960000	1719.670000	2164
1720.470000	1720.780000	2165
1721.530000	1722.230000	2166
1722.990000	1723.640000	2167
1724.650000	1725.230000	2168
1725.820000	1725.920000	2169
1726.100000	1726.230000	2170
1726.370000	1726.520000	2171
1726.660000	1727.070000	2172
1727.190000	1728.520000	2173
1728.630000	1728.710000	2174
1728.830000	1729.010000	2175
1729.920000	1729.990000	2176
1730.190000	1730.310000	2177
1731.350000	1731.450000	2178
1731.660000	1731.740000	2179
1732.780000	1733.240000	2180
1733.380000	1733.420000	2181
1734.330000	1734.940000	2182
1735.400000	1735.750000	2183
1735.860000	1736.250000	2184
1736.560000	1737.100000	2185
1738.220000	1738.460000	2186
1738.670000	1739.260000	2187
1740.070000	1740.660000	2188
1741.260000	1742.340000	2189
1742.530000	1742.860000	2190
1743.440000	1744.010000	2191
1744.530000	1745.100000	2192
1745.230000	1745.280000	2193
1745.410000	1745.430000	2194
1745.560000	1745.930000	2195
1746.350000	1746.390000	2196
1746.510000	1748.210000	2197
1748.710000	1749.350000	2198
1749.740000	1751.410000	2199
1751.970000	1752.290000	2200
1752.420000	1753.350000	2201
1753.480000	1754.650000	2202
1755.120000	1756.220000	2203
1756.420000	1756.960000	2204
1757.270000	1759.270000	2205
1759.380000	1760.230000	2206
1760.770000	1761.760000	2207
1762.370000	1762.890000	2208
1763.400000	1763.830000	2209
1764.290000	1764.310000	2210
1764.770000	1765.750000	2211
1766.240000	1766.570000	2212
1767.420000	1768.130000	2213
1768.280000	1768.540000	2214
1769.000000	1769.530000	2215
1770.340000	1771.210000	2216
1771.870000	1772.580000	2217
1772.950000	1773.370000	2218
1773.500000	1773.920000	2219
1774.400000	1775.160000	2220
1775.280000	1775.430000	2221
1775.540000	1775.550000	2222
1776.210000	1776.900000	2223
1777.350000	1777.930000	2224
1778.190000	1779.160000	2225
1779.290000	1779.380000	2226
1779.830000	1780.310000	2227
1780.520000	1780.550000	2228
1780.780000	1780.840000	2229
1780.970000	1781.380000	2230
1782.010000	1782.450000	2231
1782.630000	1782.730000	2232
1782.870000	1782.920000	2233
1783.280000	1783.470000	2234
1783.640000	1783.940000	2235
1784.070000	1784.210000	2236
1784.330000	1784.380000	2237
1784.600000	1785.260000	2238
1785.790000	1786.510000	2239
1787.060000	1787.550000	2240
1788.160000	1788.490000	2241
1788.840000	1789.100000	2242
1789.530000	1789.750000	2243
1789.930000	1790.020000	2244
1790.410000	1790.720000	2245
1791.050000	1791.780000	2246
1791.890000	1792.590000	2247
1793.020000	1793.870000	2248
1794.590000	1794.780000	2249
1794.940000	1795.200000	2250
1795.600000	1796.370000	2251
1796.480000	1796.590000	2252
1796.800000	1796.910000	2253
1797.100000	1797.270000	2254
1797.430000	1797.460000	2255
1797.790000	1799.340000	2256
1799.650000	1800.000000	2257
1800.340000	1800.700000	2258
1801.070000	1801.410000	2259
1801.780000	1802.300000	2260
1802.600000	1802.770000	2261
1802.940000	1803.400000	2262
1803.800000	1804.470000	2263
1804.770000	1804.780000	2264
1804.900000	1806.040000	2265
1806.250000	1806.340000	2266
1806.550000	1806.860000	2267
1807.160000	1807.230000	2268
1807.340000	1807.430000	2269
1807.620000	1808.490000	2270
1808.610000	1809.030000	2271
1809.180000	1809.310000	2272
1809.430000	1810.340000	2273
1810.460000	1811.520000	2274
1811.640000	1812.290000	2275
1812.450000	1812.560000	2276
1812.730000	1812.890000	2277
1813.180000	1813.330000	2278
1813.640000	1814.850000	2279
1815.080000	1815.460000	2280
1815.630000	1815.950000	2281
1816.120000	1816.260000	2282
1816.480000	1817.000000	2283
1817.150000	1817.260000	2284
1817.430000	1817.870000	2285
1818.100000	1818.620000	2286
1819.220000	1819.690000	2287
1819.910000	1820.110000	2288
1820.270000	1820.820000	2289
1821.220000	1821.610000	2290
1821.720000	1821.730000	2291
1822.280000	1822.610000	2292
1822.760000	1823.990000	2293
1824.100000	1824.120000	2294
1824.250000	1824.350000	2295
1824.460000	1824.590000	2296
1825.220000	1825.650000	2297
1826.100000	1827.620000	2298
1828.170000	1828.660000	2299
1829.370000	1829.770000	2300
1831.020000	1831.510000	2301
1832.470000	1833.860000	2302
1834.360000	1835.020000	2303
1835.630000	1836.020000	2304
1836.540000	1836.850000	2305
1837.340000	1837.530000	2306
1837.900000	1838.120000	2307
1838.370000	1838.520000	2308
1838.750000	1838.870000	2309
1839.060000	1839.240000	2310
1839.360000	1839.430000	2311
1839.760000	1839.890000	2312
1840.120000	1840.130000	2313
1840.320000	1840.940000	2314
1841.060000	1841.510000	2315
1841.940000	1842.340000	2316
1842.660000	1843.940000	2317
1844.350000	1844.460000	2318
1844.700000	1845.390000	2319
1845.550000	1845.990000	2320
1846.380000	1846.930000	2321
1847.130000	1847.270000	2322
1847.390000	1847.410000	2323
1847.910000	1848.540000	2324
1848.670000	1848.840000	2325
1849.100000	1849.570000	2326
1850.140000	1850.220000	2327
1850.360000	1850.540000	2328
1851.090000	1851.720000	2329
1851.900000	1851.990000	2330
1852.620000	1852.850000	2331
1853.120000	1853.680000	2332
1853.840000	1854.460000	2333
1855.020000	1855.350000	2334
1855.900000	1856.300000	2335
1856.740000	1856.920000	2336
1857.960000	1858.240000	2337
1859.060000	1859.550000	2338
1860.780000	1860.820000	2339
1862.110000	1862.220000	2340
1862.450000	1862.860000	2341
1863.010000	1863.040000	2342
1863.880000	1864.440000	2343
1864.550000	1864.680000	2344
1865.340000	1866.150000	2345
1866.880000	1867.350000	2346
1867.940000	1868.550000	2347
1868.690000	1869.140000	2348
1869.950000	1870.430000	2349
1871.530000	1872.220000	2350
1873.130000	1873.630000	2351
1873.840000	1874.250000	2352
1875.000000	1875.490000	2353
1876.260000	1878.100000	2354
1878.210000	1878.520000	2355
1878.890000	1879.180000	2356
1879.560000	1879.900000	2357
1880.350000	1880.380000	2358
1880.500000	1880.670000	2359
1880.930000	1881.160000	2360
1881.290000	1881.690000	2361
1881.870000	1881.930000	2362
1882.300000	1882.950000	2363
1883.560000	1883.930000	2364
1884.400000	1884.540000	2365
1884.660000	1885.040000	2366
1885.240000	1885.570000	2367
1885.700000	1886.050000	2368
1886.570000	1886.910000	2369
1887.580000	1887.730000	2370
1888.460000	1888.690000	2371
1889.500000	1889.740000	2372
1890.570000	1890.990000	2373
1892.270000	1892.550000	2374
1892.700000	1893.060000	2375
1893.380000	1893.570000	2376
1893.680000	1894.190000	2377
1894.970000	1895.420000	2378
1895.870000	1896.270000	2379
1896.880000	1897.460000	2380
1898.370000	1898.590000	2381
1899.810000	1899.930000	2382
1900.040000	1900.170000	2383
1901.370000	1902.110000	2384
1902.750000	1903.170000	2385
1904.040000	1904.560000	2386
1904.710000	1904.850000	2387
1905.010000	1905.390000	2388
1907.270000	1907.530000	2389
1907.830000	1907.880000	2390
1907.990000	1908.190000	2391
1909.250000	1909.560000	2392
1910.480000	1910.860000	2393
1911.612912	1915.170000	2395
1915.380000	1915.400000	2396
1915.610000	1917.220000	2397
1917.670000	1918.100000	2398
1918.280000	1918.290000	2399
1918.490000	1918.980000	2400
1919.430000	1919.690000	2401
1920.310000	1920.640000	2402
1921.110000	1921.480000	2403
1922.350000	1922.560000	2404
1923.590000	1924.010000	2405
1925.000000	1926.007525	2406
1927.150000	1928.256360	2408
1929.000000	1929.935213	2410
1930.520000	1931.272078	2412
1931.860000	1932.260000	2414
1932.890000	1933.200000	2415
1934.690000	1935.180000	2416
1936.120000	1937.148065	2417
1938.010000	1938.470000	2419
1938.590000	1939.450000	2420
1939.580000	1939.780000	2421
1940.270000	1940.650000	2422
1941.290000	1941.620000	2423
1942.080000	1942.320000	2424
1942.480000	1943.130000	2425
1943.550000	1943.970000	2426
1944.370000	1944.470000	2427
1944.580000	1944.910000	2428
1945.410000	1946.060000	2429
1946.220000	1946.390000	2430
1946.550000	1946.690000	2431
1946.800000	1947.070000	2432
1947.360000	1947.920000	2433
1948.320000	1949.440000	2434
1949.970000	1950.780000	2435
1951.200000	1951.850000	2436
1952.330000	1952.500000	2437
1952.760000	1952.930000	2438
1953.060000	1953.990000	2439
1954.350000	1955.667268	2440
1956.010000	1956.850000	2442
1956.980000	1957.390000	2443
1957.970000	1958.672623	2444
1959.280000	1959.580000	2447
1960.150000	1960.590000	2448
1960.750000	1962.470000	2449
1962.910000	1965.290000	2450
1965.870000	1966.190000	2451
1966.660000	1967.130000	2452
1968.080000	1968.970000	2453
1969.480000	1969.760000	2454
1969.900000	1970.070000	2455
1970.230000	1970.310000	2456
1970.870000	1971.270000	2457
1971.390000	1972.160000	2458
1972.340000	1973.530000	2459
1973.880000	1974.030000	2460
1974.140000	1974.630000	2461
1974.780000	1975.190000	2462
1975.600000	1976.000000	2463
1976.340000	1976.930000	2464
1977.090000	1977.350000	2465
1977.740000	1978.520000	2466
1978.720000	1979.440000	2467
1979.580000	1979.700000	2468
1980.180000	1980.580000	2469
1980.740000	1980.760000	2470
1981.130000	1981.370000	2471
1981.540000	1981.720000	2472
1981.840000	1981.940000	2473
1982.630000	1982.820000	2474
1983.550000	1983.660000	2475
1985.170000	1985.490000	2476
1985.650000	1985.940000	2477
1986.250000	1986.520000	2478
1986.650000	1987.770000	2479
1988.130000	1988.390000	2480
1988.500000	1989.700000	2481
1990.170000	1990.440000	2482
1990.950000	1991.020000	2483
1991.150000	1991.180000	2484
1991.360000	1991.590000	2485
1992.140000	1992.420000	2486
1992.670000	1993.010000	2487
1993.150000	1993.480000	2488
1994.030000	1994.370000	2489
1994.940000	1995.260000	2490
1995.840000	1996.170000	2491
1996.750000	1997.060000	2492
1997.430000	1997.660000	2493
1997.820000	1998.450000	2494
1998.980000	1999.320000	2495
1999.450000	1999.490000	2496
1999.630000	1999.640000	2497
2000.270000	2000.280000	2498
2000.970000	2001.010000	2499
2001.160000	2001.470000	2500
2001.650000	2001.840000	2501
2002.030000	2002.800000	2502
2002.910000	2003.140000	2503
2003.930000	2004.060000	2504
2005.150000	2005.200000	2505
2005.430000	2005.550000	2506
2005.690000	2005.730000	2507
2006.390000	2006.770000	2508
2007.780000	2007.970000	2509
2008.110000	2008.130000	2510
2008.240000	2008.600000	2511
2009.310000	2009.780000	2512
2010.470000	2010.910000	2513
2013.220000	2013.800000	2514
2014.540000	2014.710000	2515
2015.650000	2015.950000	2516
2016.120000	2016.480000	2517
2017.020000	2018.750000	2518
2019.040000	2019.270000	2519
2019.510000	2019.610000	2520
2019.740000	2020.430000	2521
2020.870000	2021.250000	2522
2021.400000	2021.740000	2523
2022.230000	2022.340000	2524
2022.490000	2022.580000	2525
2023.060000	2023.590000	2526
2024.670000	2026.148020	2527
2026.550000	2027.390000	2529
2027.720000	2028.738843	2530
2029.210000	2030.790000	2532
2031.290000	2031.520000	2533
2031.680000	2031.690000	2534
2032.220000	2032.430000	2535
2032.940000	2033.910000	2536
2034.390000	2034.490000	2537
2034.620000	2034.810000	2538
2034.920000	2035.470000	2539
2035.870000	2036.650000	2540
2036.770000	2037.170000	2541
2037.290000	2037.560000	2542
2038.240000	2038.530000	2543
2039.240000	2039.600000	2544
2039.740000	2039.770000	2545
2039.990000	2040.220000	2546
2041.060000	2041.300000	2547
2042.060000	2042.330000	2548
2042.930000	2043.350000	2549
2044.370000	2044.460000	2550
2044.650000	2044.710000	2551
2045.790000	2046.490000	2552
2047.300000	2047.430000	2553
2047.600000	2047.940000	2554
2048.070000	2048.120000	2555
2049.670000	2050.874835	2556
2051.330000	2052.090000	2558
2052.200000	2052.540000	2559
2053.680000	2054.090000	2560
2054.200000	2054.320000	2561
2055.010000	2055.050000	2562
2055.170000	2055.440000	2563
2055.610000	2056.320000	2564
2056.430000	2056.520000	2565
2057.120000	2057.430000	2566
2057.580000	2057.760000	2567
2058.550000	2059.090000	2568
2059.750000	2060.620000	2569
2060.870000	2061.130000	2570
2061.240000	2061.250000	2571
2061.640000	2061.990000	2572
2062.310000	2062.880000	2573
2062.990000	2063.200000	2574
2063.750000	2064.020000	2575
2064.900000	2065.140000	2576
2065.830000	2066.160000	2577
2066.710000	2066.780000	2578
2066.890000	2067.030000	2579
2067.220000	2068.090000	2580
2068.610000	2069.250000	2581
2069.400000	2069.730000	2582
2069.840000	2069.890000	2583
2070.280000	2070.930000	2584
2071.170000	2072.110000	2585
2072.640000	2073.110000	2586
2073.370000	2073.380000	2587
2073.630000	2074.260000	2588
2074.380000	2074.570000	2589
2077.100000	2077.260000	2590
2077.370000	2077.430000	2591
2077.540000	2077.580000	2592
2078.140000	2078.550000	2593
2078.660000	2078.780000	2594
2078.900000	2079.110000	2595
2079.960000	2080.170000	2596
2080.730000	2080.940000	2597
2081.080000	2081.480000	2598
2082.200000	2082.280000	2599
2083.030000	2083.470000	2600
2084.110000	2084.440000	2601
2084.610000	2085.040000	2602
2085.570000	2086.010000	2603
2086.440000	2086.700000	2604
2087.050000	2087.860000	2605
2088.370000	2088.990000	2606
2089.310000	2089.970000	2607
2090.680000	2091.110000	2608
2092.000000	2092.180000	2609
2093.480000	2093.700000	2610
2093.820000	2093.960000	2611
2094.090000	2094.170000	2612
2094.950000	2095.070000	2613
2095.360000	2095.870000	2614
2097.120000	2097.400000	2615
2098.960000	2099.070000	2616
2099.180000	2099.950000	2617
2100.960000	2101.290000	2618
2101.400000	2101.610000	2619
2101.800000	2101.840000	2620
2102.570000	2103.730000	2621
2104.420000	2104.590000	2622
2104.790000	2104.930000	2623
2105.810000	2105.950000	2624
2106.120000	2106.230000	2625
2106.440000	2107.570000	2626
2107.690000	2107.930000	2627
2108.710000	2109.110000	2628
2109.810000	2110.100000	2629
2110.770000	2111.090000	2630
2111.956080	2113.690000	2632
2114.620000	2115.150000	2633
2116.270000	2116.320000	2634
2116.500000	2117.040000	2635
2117.290000	2117.530000	2636
2117.840000	2117.950000	2637
2118.070000	2118.550000	2638
2118.770000	2118.830000	2639
2119.190000	2119.280000	2640
2119.400000	2120.820000	2641
2121.460000	2122.210000	2642
2122.350000	2122.670000	2643
2123.300000	2123.840000	2644
2123.990000	2124.100000	2645
2124.220000	2124.740000	2646
2125.090000	2126.740000	2647
2126.850000	2126.990000	2648
2127.110000	2127.680000	2649
2127.800000	2127.950000	2650
2128.070000	2128.120000	2651
2128.340000	2128.350000	2652
2128.470000	2128.710000	2653
2129.700000	2129.800000	2654
2129.920000	2130.170000	2655
2130.300000	2130.320000	2656
2130.450000	2130.500000	2657
2131.620000	2132.060000	2658
2133.210000	2133.700000	2659
2133.840000	2133.870000	2660
2134.080000	2134.170000	2661
2134.290000	2134.340000	2662
2134.590000	2135.000000	2663
2135.820000	2136.100000	2664
2137.390000	2137.460000	2665
2138.770000	2139.440000	2666
2140.410000	2140.700000	2667
2140.810000	2142.110000	2668
2142.270000	2142.650000	2669
2142.790000	2142.850000	2670
2143.030000	2143.070000	2671
2143.540000	2144.900000	2672
2145.020000	2145.050000	2673
2145.220000	2145.470000	2674
2146.260000	2147.890000	2675
2148.320000	2148.670000	2676
2148.860000	2148.900000	2677
2149.020000	2149.040000	2678
2149.220000	2149.270000	2679
2149.440000	2149.560000	2680
2150.450000	2150.900000	2681
2151.700000	2152.670000	2682
2153.370000	2153.400000	2683
2153.580000	2154.100000	2684
2154.340000	2154.590000	2685
2154.850000	2155.470000	2686
2156.620000	2157.510000	2687
2157.720000	2157.810000	2688
2158.070000	2158.110000	2689
2158.290000	2159.140000	2690
2159.320000	2159.420000	2691
2159.640000	2159.820000	2692
2159.930000	2160.040000	2693
2160.150000	2160.190000	2694
2161.110000	2162.166232	2695
2163.440000	2163.460000	2698
2163.570000	2163.800000	2699
2163.910000	2164.060000	2700
2164.310000	2164.590000	2701
2167.100000	2167.480000	2702
2167.670000	2168.510000	2703
2169.820000	2170.210000	2704
2170.430000	2170.450000	2705
2170.630000	2170.920000	2706
2171.050000	2171.170000	2707
2172.130000	2172.400000	2708
2173.290000	2173.390000	2709
2173.530000	2173.630000	2710
2173.740000	2174.450000	2711
2174.590000	2175.170000	2712
2175.600000	2175.610000	2713
2176.120000	2176.290000	2714
2176.960000	2177.130000	2715
2177.350000	2177.520000	2716
2177.640000	2177.870000	2717
2178.010000	2178.120000	2718
2178.830000	2180.320000	2719
2180.460000	2180.520000	2720
2180.630000	2181.640000	2721
2182.050000	2182.120000	2722
2182.230000	2182.620000	2723
2182.730000	2182.940000	2724
2183.060000	2183.910000	2725
2184.460000	2184.970000	2726
2185.110000	2185.360000	2727
2185.490000	2186.250000	2728
2186.970000	2187.280000	2729
2187.660000	2188.430000	2730
2188.600000	2188.750000	2731
2189.010000	2189.930000	2732
2190.410000	2191.050000	2733
2191.550000	2191.900000	2734
2192.010000	2192.180000	2735
2192.330000	2192.340000	2736
2193.250000	2193.480000	2737
2193.610000	2193.660000	2738
2193.780000	2194.660000	2739
2195.200000	2195.710000	2740
2195.830000	2196.440000	2741
2197.194160	2201.200000	2743
2201.650000	2202.750000	2744
2203.450000	2203.850000	2745
2205.170000	2205.510000	2746
2206.300000	2206.870000	2747
2207.180000	2207.390000	2748
2207.960000	2207.990000	2749
2208.220000	2208.420000	2750
2209.460000	2209.480000	2751
2209.630000	2210.690000	2752
2210.850000	2211.710000	2753
2211.820000	2212.110000	2754
2212.240000	2212.730000	2755
2212.900000	2213.010000	2756
2213.170000	2213.380000	2757
2213.780000	2213.980000	2758
2214.120000	2214.670000	2759
2215.290000	2215.880000	2760
2216.610000	2218.160000	2761
2218.620000	2219.270000	2762
2219.400000	2220.120000	2763
2220.280000	2220.610000	2764
2220.750000	2220.820000	2765
2221.130000	2221.530000	2766
2221.640000	2222.400000	2767
2222.540000	2222.550000	2768
2222.970000	2223.090000	2769
2223.230000	2223.400000	2770
2223.590000	2224.160000	2771
2224.780000	2226.040000	2772
2226.150000	2226.200000	2773
2226.350000	2226.700000	2774
2226.870000	2227.680000	2775
2227.790000	2227.960000	2776
2228.440000	2229.270000	2777
2229.470000	2229.500000	2778
2229.710000	2230.050000	2779
2230.280000	2230.740000	2780
2230.890000	2231.710000	2781
2231.940000	2232.320000	2782
2232.770000	2233.130000	2783
2233.980000	2233.990000	2785
2234.130000	2235.050000	2786
2235.500000	2236.520000	2787
2236.700000	2237.230000	2788
2237.350000	2237.710000	2789
2238.260000	2238.850000	2790
2238.970000	2239.340000	2791
2239.460000	2239.510000	2792
2239.620000	2239.980000	2793
2240.110000	2240.200000	2794
2240.350000	2240.970000	2795
2241.150000	2241.440000	2796
2241.840000	2241.890000	2797
2242.020000	2242.060000	2798
2242.180000	2242.890000	2799
2243.040000	2243.390000	2800
2243.640000	2243.860000	2801
2243.970000	2244.010000	2802
2244.330000	2244.830000	2803
2245.530000	2246.540000	2804
2246.680000	2247.540000	2805
2247.650000	2247.760000	2806
2248.210000	2248.720000	2807
2249.360000	2250.160000	2808
2250.680000	2250.900000	2809
2251.010000	2251.730000	2810
2252.140000	2252.690000	2811
2253.220000	2253.370000	2813
2253.960000	2255.740000	2814
2256.300000	2256.770000	2816
2256.930000	2257.370000	2817
2258.010000	2258.440000	2818
2258.960000	2258.990000	2819
2259.170000	2259.420000	2820
2259.730000	2259.740000	2821
2260.000000	2260.880000	2822
2261.070000	2261.620000	2823
2261.960000	2262.000000	2824
2262.120000	2262.810000	2825
2262.920000	2263.230000	2826
2263.460000	2263.530000	2827
2263.660000	2263.760000	2828
2263.870000	2264.270000	2829
2264.390000	2264.430000	2830
2264.940000	2265.650000	2831
2266.030000	2266.950000	2832
2267.060000	2267.230000	2833
2267.970000	2269.290000	2834
2269.400000	2269.470000	2835
2269.830000	2269.900000	2836
2270.050000	2271.530000	2837
2271.690000	2271.820000	2838
2271.940000	2274.020000	2839
2274.650000	2275.020000	2840
2275.920000	2277.240000	2841
2277.360000	2277.840000	2842
2277.990000	2278.470000	2843
2278.580000	2279.110000	2844
2279.220000	2279.540000	2845
2279.660000	2280.240000	2846
2280.760000	2281.147192	2847
2281.700000	2282.520000	2849
2282.630000	2282.660000	2850
2282.780000	2282.820000	2851
2282.970000	2282.990000	2852
2283.150000	2283.990000	2853
2284.100000	2284.500000	2854
2285.040000	2286.370000	2855
2286.480000	2286.680000	2856
2287.140000	2288.140000	2857
2288.500000	2289.600000	2858
2290.180000	2290.610000	2859
2291.010000	2292.380000	2860
2292.800000	2292.890000	2861
2293.010000	2293.590000	2862
2293.760000	2293.980000	2863
2294.110000	2294.350000	2864
2294.870000	2295.310000	2865
2295.430000	2296.020000	2866
2296.170000	2297.690000	2867
2297.920000	2298.010000	2868
2298.200000	2298.490000	2869
2298.680000	2299.540000	2870
2299.960000	2300.010000	2871
2300.190000	2301.700000	2872
2301.960000	2302.250000	2873
2302.390000	2304.410000	2874
2304.560000	2304.600000	2875
2304.730000	2304.760000	2876
2304.880000	2305.170000	2877
2305.910000	2306.270000	2878
2306.430000	2306.470000	2879
2306.580000	2307.210000	2880
2307.430000	2308.030000	2881
2308.350000	2309.160000	2882
2309.290000	2309.300000	2883
2309.780000	2310.350000	2884
2311.170000	2311.310000	2885
2311.460000	2311.540000	2886
2311.650000	2312.290000	2887
2312.440000	2313.090000	2888
2313.250000	2313.290000	2889
2313.420000	2313.620000	2890
2314.230000	2314.500000	2891
2314.770000	2315.260000	2892
2315.410000	2315.680000	2893
2315.800000	2316.000000	2894
2316.560000	2317.300000	2895
2317.420000	2317.430000	2896
2317.890000	2317.900000	2897
2318.310000	2319.200000	2898
2319.340000	2321.020000	2899
2321.150000	2321.250000	2900
2321.440000	2321.740000	2901
2321.960000	2322.980000	2902
2323.300000	2323.610000	2903
2323.920000	2324.220000	2904
2324.330000	2326.010000	2905
2326.130000	2326.160000	2906
2326.320000	2327.170000	2907
2327.470000	2328.010000	2908
