START		STOP		LABEL
0.350000	0.860000	1
1.000000	1.300000	2
1.600000	1.630000	3
1.920000	2.300000	4
2.450000	2.540000	5
3.010000	3.350000	6
3.560000	3.570000	7
4.110000	4.170000	8
4.420000	4.650000	9
4.850000	5.270000	10
5.700000	6.170000	11
6.360000	6.720000	12
6.880000	7.260000	13
7.540000	7.760000	14
8.130000	8.350000	15
8.710000	8.770000	16
8.960000	9.210000	17
9.340000	9.430000	18
9.720000	9.920000	19
10.250000	10.440000	20
11.280000	11.340000	21
11.520000	11.620000	22
11.790000	11.850000	23
12.510000	12.860000	24
13.060000	13.260000	25
13.420000	13.580000	26
14.340000	14.390000	27
14.540000	14.570000	28
14.880000	15.040000	29
15.150000	15.440000	30
15.620000	16.530000	31
16.710000	16.720000	32
16.890000	17.230000	33
17.350000	17.370000	34
17.540000	18.020000	35
18.130000	18.770000	36
18.880000	19.440000	37
19.660000	19.930000	38
20.190000	20.650000	39
21.030000	21.260000	40
21.800000	21.990000	41
22.110000	22.910000	42
23.030000	23.240000	43
23.840000	24.410000	44
24.530000	24.670000	45
25.410000	25.570000	46
26.000000	26.220000	47
26.570000	27.630000	48
27.830000	28.050000	49
28.240000	28.340000	50
28.510000	28.690000	51
28.810000	28.920000	52
29.030000	29.820000	53
29.980000	30.480000	54
30.630000	31.430000	55
31.590000	31.860000	56
34.720000	34.950000	57
35.110000	35.330000	58
35.670000	36.540000	59
36.950000	37.260000	60
37.460000	37.740000	61
38.130000	38.240000	62
38.360000	38.410000	63
38.750000	38.800000	64
39.030000	39.640000	65
39.770000	40.510000	66
40.740000	40.810000	67
40.990000	41.320000	68
41.550000	41.560000	69
42.100000	42.310000	70
42.490000	42.680000	71
42.830000	43.020000	72
43.160000	43.410000	73
43.570000	43.880000	74
44.000000	44.490000	75
44.670000	44.830000	76
44.940000	45.410000	77
45.850000	46.040000	78
46.210000	46.340000	79
47.320000	47.690000	80
48.800000	49.160000	81
49.320000	49.460000	82
49.640000	49.760000	83
49.950000	50.170000	84
50.310000	50.420000	85
50.830000	50.920000	86
51.170000	51.600000	87
51.850000	52.290000	88
52.470000	52.650000	89
52.830000	53.090000	90
53.450000	53.530000	91
53.750000	54.580000	92
54.760000	54.770000	93
55.360000	55.590000	94
56.210000	56.890000	95
57.080000	57.260000	96
57.620000	57.780000	97
57.960000	58.140000	98
58.290000	58.460000	99
58.610000	59.230000	100
59.400000	59.520000	101
59.860000	59.920000	102
60.380000	60.430000	103
61.140000	61.190000	104
63.550000	64.190000	105
64.400000	64.750000	106
65.450000	65.460000	107
66.440000	66.730000	108
66.850000	66.890000	109
67.940000	68.070000	110
69.090000	69.340000	111
70.440000	71.380000	112
71.530000	71.550000	113
71.760000	71.970000	114
72.290000	72.300000	115
72.430000	72.500000	116
73.300000	73.960000	117
74.610000	75.150000	118
75.320000	75.500000	119
75.630000	75.760000	120
75.930000	75.990000	121
76.160000	76.290000	122
77.240000	77.440000	123
77.620000	77.670000	124
77.880000	78.200000	125
79.590000	79.660000	126
80.030000	80.610000	127
81.210000	82.000000	128
82.250000	82.270000	129
82.750000	83.030000	130
83.820000	83.950000	131
84.070000	84.200000	132
84.470000	84.610000	133
85.340000	85.670000	134
85.880000	86.390000	135
86.520000	87.200000	136
87.360000	87.560000	137
87.800000	87.860000	138
88.710000	88.980000	139
89.110000	89.200000	140
89.760000	89.900000	141
90.160000	90.370000	142
91.300000	91.540000	143
91.680000	92.200000	144
93.040000	93.220000	145
93.330000	93.840000	146
94.920000	94.930000	147
95.100000	95.220000	148
95.330000	95.370000	149
95.530000	95.880000	150
96.570000	97.170000	151
97.620000	97.990000	152
98.700000	98.950000	153
99.190000	99.370000	154
99.480000	100.390000	155
101.100000	101.150000	156
101.390000	101.820000	157
101.930000	102.290000	158
102.540000	102.710000	159
103.530000	103.630000	160
103.890000	104.040000	161
104.250000	104.740000	162
104.930000	105.140000	163
105.670000	105.990000	164
106.140000	106.190000	165
107.020000	107.300000	166
107.430000	107.940000	167
108.120000	108.220000	168
108.820000	109.590000	169
109.740000	109.780000	170
109.930000	110.070000	171
110.250000	110.390000	172
110.560000	110.670000	173
112.260000	112.970000	174
113.170000	113.340000	175
113.490000	113.550000	176
113.760000	113.830000	177
114.350000	114.490000	178
114.740000	115.010000	179
115.240000	115.680000	180
116.130000	116.370000	181
116.800000	117.930000	182
118.140000	118.360000	183
118.940000	119.350000	184
119.460000	120.080000	185
121.190000	121.490000	186
121.700000	121.710000	187
122.170000	122.560000	188
123.590000	123.620000	189
123.800000	123.980000	190
124.100000	124.420000	191
124.590000	124.750000	192
124.910000	125.000000	193
125.970000	126.080000	194
126.250000	126.350000	195
126.510000	126.750000	196
127.370000	127.410000	197
127.600000	127.670000	198
128.310000	128.820000	199
128.980000	129.140000	200
130.500000	131.190000	201
132.320000	132.970000	202
134.040000	135.040000	203
135.670000	136.000000	204
136.160000	136.410000	205
137.280000	137.460000	206
137.610000	137.950000	207
138.080000	138.380000	208
138.490000	138.670000	209
138.850000	138.910000	210
139.100000	139.140000	211
139.300000	139.720000	212
139.830000	140.050000	213
140.510000	140.870000	214
140.990000	141.290000	215
141.480000	141.640000	216
141.770000	141.880000	217
142.700000	142.830000	218
142.950000	143.050000	219
143.160000	143.310000	220
143.840000	143.940000	221
144.070000	144.210000	222
144.330000	144.410000	223
144.680000	144.880000	224
145.420000	146.550000	225
147.310000	147.650000	226
147.890000	148.070000	227
149.060000	149.150000	228
149.280000	149.440000	229
149.770000	150.020000	230
150.170000	150.810000	231
150.930000	151.480000	232
151.700000	151.930000	233
153.320000	153.680000	234
154.980000	155.260000	235
156.700000	156.720000	236
156.840000	157.110000	237
157.250000	157.440000	238
157.640000	157.810000	239
157.930000	158.030000	240
158.170000	158.300000	241
158.420000	158.640000	242
159.180000	159.590000	243
159.800000	160.490000	244
160.670000	160.880000	245
160.990000	161.420000	246
162.590000	162.860000	247
164.310000	164.570000	248
166.000000	166.330000	249
166.650000	166.750000	250
166.920000	167.030000	251
167.240000	167.580000	252
167.730000	167.830000	253
168.510000	169.180000	254
169.320000	169.460000	255
170.730000	170.960000	256
171.100000	171.280000	257
171.560000	171.570000	258
173.100000	173.280000	259
173.490000	173.750000	260
175.300000	175.530000	261
176.950000	177.150000	262
177.320000	177.850000	263
178.090000	178.640000	264
178.760000	179.260000	265
180.370000	180.500000	266
182.540000	182.730000	267
182.880000	182.930000	268
183.130000	183.270000	269
183.400000	183.470000	270
183.720000	184.100000	271
184.220000	184.340000	272
184.560000	184.940000	273
185.380000	185.550000	274
185.660000	186.160000	275
187.500000	187.920000	276
188.070000	188.310000	277
188.420000	189.190000	278
189.680000	190.380000	279
190.490000	190.630000	280
191.330000	191.340000	281
191.540000	191.620000	282
191.730000	191.960000	283
192.260000	192.580000	284
192.770000	193.010000	285
194.850000	195.130000	286
195.290000	195.490000	287
196.390000	196.850000	288
197.940000	198.030000	289
198.200000	198.390000	290
199.320000	199.420000	291
199.550000	199.760000	292
200.220000	200.290000	293
200.760000	200.860000	294
201.010000	201.130000	295
202.210000	202.310000	296
203.810000	203.930000	297
204.070000	204.250000	298
204.430000	204.580000	299
205.290000	205.810000	300
205.930000	206.090000	301
207.030000	207.100000	302
207.940000	208.060000	303
208.890000	209.010000	304
209.180000	209.400000	305
209.510000	209.810000	306
209.920000	210.120000	307
210.260000	210.360000	308
210.680000	210.760000	309
210.890000	211.210000	310
211.360000	211.750000	311
211.900000	212.180000	312
212.300000	212.620000	313
212.740000	213.020000	314
213.180000	213.290000	315
214.820000	215.010000	316
216.000000	216.410000	317
217.540000	218.150000	318
218.420000	218.570000	319
218.740000	218.810000	320
218.960000	219.180000	321
219.290000	219.590000	322
220.660000	221.070000	323
222.370000	223.680000	324
223.860000	223.960000	325
225.410000	225.540000	326
225.690000	225.740000	327
225.890000	225.950000	328
226.100000	226.330000	329
227.050000	227.530000	330
227.660000	227.700000	331
228.200000	228.270000	332
228.490000	228.890000	333
229.640000	229.910000	334
230.030000	230.450000	335
230.670000	231.530000	336
231.690000	231.760000	337
232.440000	233.140000	338
233.910000	234.290000	339
234.450000	234.900000	340
235.080000	235.350000	341
236.330000	236.690000	342
237.650000	238.580000	343
238.760000	238.820000	344
238.940000	239.290000	345
239.460000	239.970000	346
240.640000	240.820000	347
240.930000	241.410000	348
241.630000	241.650000	349
241.840000	242.240000	350
242.830000	243.270000	351
243.460000	243.530000	352
243.820000	243.870000	353
244.410000	245.050000	354
248.000000	248.860000	355
249.470000	249.710000	356
250.210000	250.540000	357
250.710000	250.900000	358
251.130000	251.220000	359
251.350000	251.680000	360
252.000000	252.640000	361
253.180000	254.080000	362
254.760000	255.700000	363
256.600000	257.790000	364
258.500000	259.370000	365
259.610000	260.030000	366
260.660000	260.920000	367
262.350000	262.400000	368
262.550000	262.610000	369
262.940000	262.950000	370
263.070000	263.370000	371
263.490000	263.560000	372
263.690000	263.730000	373
263.880000	264.310000	374
264.440000	265.060000	375
265.810000	266.010000	376
266.120000	267.130000	377
267.260000	267.400000	378
268.110000	268.220000	379
269.940000	270.230000	380
270.890000	271.260000	381
271.400000	271.600000	382
272.090000	272.500000	383
273.180000	273.470000	384
274.450000	274.870000	385
275.750000	277.050000	386
278.030000	278.060000	387
278.210000	279.580000	388
281.160000	281.250000	389
281.400000	281.560000	390
281.850000	281.890000	391
282.640000	283.100000	392
283.210000	283.470000	393
283.590000	283.730000	394
284.450000	284.490000	395
284.610000	285.100000	396
285.210000	285.250000	397
286.370000	287.170000	398
287.400000	287.640000	399
287.770000	287.880000	400
288.010000	288.040000	401
288.180000	288.420000	402
289.020000	290.170000	403
290.350000	290.360000	404
290.690000	291.300000	405
291.560000	292.220000	406
292.990000	293.440000	407
293.820000	293.850000	408
293.960000	294.730000	409
294.940000	295.170000	410
295.390000	295.660000	411
296.410000	296.740000	412
297.770000	298.170000	413
298.970000	299.850000	414
300.780000	300.890000	415
301.100000	301.240000	416
301.390000	301.440000	417
301.680000	301.880000	418
304.040000	304.110000	419
304.350000	304.630000	420
305.580000	305.720000	421
305.910000	305.990000	422
306.180000	306.290000	423
310.460000	310.670000	424
310.820000	311.150000	425
311.580000	311.770000	426
311.980000	312.250000	427
312.550000	312.690000	428
313.550000	314.740000	429
314.930000	315.020000	430
315.130000	315.400000	431
316.910000	317.070000	432
317.270000	317.520000	433
318.370000	318.680000	434
318.790000	318.950000	435
319.090000	319.130000	436
319.250000	319.360000	437
320.130000	320.660000	438
320.810000	320.920000	439
321.040000	321.940000	440
322.140000	322.390000	441
323.190000	323.230000	442
323.430000	323.920000	443
324.450000	325.290000	444
325.860000	326.520000	445
326.660000	326.790000	446
326.910000	327.030000	447
327.160000	327.320000	448
327.630000	327.960000	449
328.140000	328.480000	450
328.590000	328.730000	451
328.970000	329.310000	452
329.960000	330.570000	453
331.540000	332.620000	454
332.830000	332.990000	455
333.560000	333.750000	456
333.890000	334.060000	457
334.810000	335.160000	458
336.110000	336.430000	459
337.430000	337.940000	460
339.190000	339.540000	461
339.760000	339.790000	462
340.130000	340.260000	463
341.750000	341.890000	464
342.860000	342.980000	465
343.090000	343.260000	466
343.980000	344.170000	467
344.420000	344.570000	468
344.700000	344.890000	469
345.360000	346.310000	470
346.950000	347.290000	471
347.820000	347.890000	472
348.030000	348.240000	473
348.800000	349.130000	474
349.310000	349.410000	475
349.570000	349.930000	476
350.060000	350.490000	477
350.640000	350.840000	478
351.660000	351.890000	479
353.580000	353.720000	480
353.920000	354.110000	481
354.440000	355.340000	482
355.520000	355.620000	483
356.490000	356.790000	484
357.980000	358.390000	485
359.260000	360.300000	486
360.430000	360.580000	487
360.850000	361.000000	488
361.110000	361.250000	489
361.470000	361.960000	490
362.680000	362.750000	491
363.920000	364.160000	492
364.280000	364.600000	493
364.780000	365.070000	494
365.700000	365.910000	495
366.090000	366.730000	496
366.910000	367.380000	497
368.400000	368.690000	498
368.950000	369.100000	499
369.370000	369.400000	500
370.280000	370.640000	501
371.200000	371.270000	502
371.530000	371.800000	503
371.960000	372.360000	504
372.900000	374.480000	505
376.620000	377.000000	506
378.330000	378.410000	507
378.530000	378.720000	508
378.840000	378.920000	509
380.310000	381.100000	510
381.930000	383.160000	511
383.290000	383.620000	512
383.750000	383.880000	513
384.600000	385.160000	514
386.130000	386.300000	515
386.430000	386.910000	516
387.040000	387.090000	517
387.890000	388.290000	518
388.420000	388.630000	519
389.610000	390.010000	520
391.090000	391.330000	521
391.440000	391.740000	522
392.900000	393.760000	523
394.620000	394.650000	524
394.820000	395.090000	525
396.120000	396.410000	526
397.420000	397.480000	527
397.610000	397.820000	528
399.040000	399.580000	529
402.350000	402.570000	530
402.690000	402.890000	531
403.060000	403.140000	532
403.890000	404.170000	533
404.420000	404.870000	534
405.510000	405.530000	535
405.650000	405.930000	536
406.090000	406.270000	537
407.090000	407.670000	538
408.500000	409.090000	539
409.290000	409.470000	540
409.620000	409.730000	541
410.570000	410.850000	542
411.680000	412.060000	543
413.020000	413.310000	544
413.420000	413.890000	545
414.500000	414.640000	546
414.760000	414.940000	547
415.120000	415.630000	548
415.950000	416.670000	549
416.810000	417.470000	550
417.610000	417.770000	551
417.900000	418.130000	552
418.490000	418.790000	553
419.490000	419.570000	554
420.460000	420.590000	555
420.730000	420.750000	556
420.880000	420.950000	557
421.060000	422.170000	558
422.970000	423.430000	559
423.560000	423.570000	560
423.850000	424.030000	561
424.140000	424.930000	562
425.100000	425.250000	563
425.380000	425.540000	564
426.250000	426.560000	565
427.520000	427.540000	566
428.200000	428.220000	567
428.520000	428.820000	568
429.020000	429.850000	569
430.590000	430.900000	570
431.040000	431.380000	571
432.070000	432.260000	572
432.480000	432.510000	573
433.230000	433.340000	574
433.460000	434.230000	575
434.340000	434.350000	576
434.900000	434.980000	577
436.630000	437.170000	578
437.350000	437.560000	579
438.020000	438.110000	580
438.470000	438.680000	581
438.830000	439.670000	582
439.800000	439.910000	583
441.070000	441.470000	584
441.650000	441.770000	585
441.880000	442.180000	586
443.110000	443.710000	587
444.410000	445.120000	588
445.250000	445.510000	589
445.950000	447.140000	590
447.970000	447.990000	591
448.100000	448.620000	592
449.260000	449.460000	593
449.960000	450.300000	594
450.550000	451.060000	595
451.220000	451.310000	596
452.000000	452.240000	597
452.840000	453.700000	598
453.880000	453.920000	599
454.200000	454.430000	600
455.440000	455.720000	601
456.710000	457.690000	602
459.150000	459.170000	603
459.330000	459.520000	604
459.630000	460.360000	605
461.130000	461.380000	606
461.490000	461.500000	607
461.640000	461.650000	608
462.690000	462.790000	609
462.910000	463.050000	610
463.280000	463.400000	611
464.430000	464.550000	612
464.680000	464.800000	613
466.280000	466.740000	614
468.030000	468.070000	615
469.180000	469.240000	616
469.360000	469.460000	617
469.570000	469.650000	618
469.770000	469.930000	619
470.550000	470.660000	620
470.780000	471.080000	621
471.230000	471.390000	622
471.570000	471.700000	623
471.830000	472.490000	624
472.900000	473.600000	625
474.440000	474.600000	626
474.720000	474.760000	627
474.870000	475.590000	628
477.090000	477.320000	629
478.200000	478.530000	630
479.320000	479.660000	631
480.500000	481.500000	632
481.730000	482.300000	633
486.070000	486.210000	634
486.390000	486.490000	635
486.690000	486.800000	636
487.370000	488.140000	637
488.660000	489.570000	638
489.730000	489.840000	639
490.000000	490.120000	640
490.250000	490.310000	641
490.450000	490.540000	642
490.660000	490.800000	643
490.920000	491.190000	644
491.820000	491.920000	645
492.150000	492.450000	646
492.560000	492.590000	647
492.710000	492.900000	648
493.110000	493.410000	649
493.590000	493.830000	650
494.390000	494.740000	651
494.850000	494.930000	652
495.980000	496.400000	653
496.530000	497.250000	654
498.340000	499.020000	655
499.150000	499.370000	656
499.490000	499.630000	657
499.740000	499.750000	658
500.490000	501.250000	659
502.410000	502.570000	660
502.680000	502.800000	661
502.940000	503.130000	662
504.450000	504.950000	663
505.100000	505.640000	664
505.760000	505.840000	665
505.950000	506.190000	666
506.300000	506.440000	667
506.610000	506.730000	668
507.640000	508.150000	669
508.420000	508.430000	670
508.900000	509.000000	671
509.240000	509.540000	672
510.210000	511.000000	673
511.130000	511.310000	674
512.170000	512.570000	675
512.750000	512.830000	676
512.960000	513.180000	677
513.980000	515.010000	678
515.990000	516.000000	679
516.820000	517.690000	680
518.070000	518.270000	681
519.150000	519.620000	682
522.790000	522.930000	683
523.070000	523.430000	684
524.330000	525.060000	685
525.170000	526.480000	686
527.480000	528.080000	687
528.230000	528.240000	688
529.170000	529.800000	689
530.590000	530.780000	690
530.980000	531.470000	691
531.660000	531.740000	692
531.860000	532.170000	693
532.840000	533.290000	694
534.090000	534.120000	695
534.280000	534.320000	696
534.460000	534.650000	697
534.820000	534.920000	698
535.030000	535.230000	699
535.410000	535.450000	700
535.650000	535.770000	701
535.900000	536.140000	702
537.110000	537.540000	703
538.410000	539.020000	704
539.190000	539.260000	705
539.370000	539.800000	706
540.900000	540.960000	707
541.770000	541.910000	708
542.020000	542.100000	709
542.280000	542.400000	710
543.350000	543.480000	711
544.480000	544.630000	712
545.200000	545.370000	713
545.530000	545.700000	714
546.770000	547.450000	715
548.980000	549.500000	716
550.560000	551.060000	717
551.230000	551.320000	718
552.140000	552.540000	719
552.660000	552.970000	720
553.360000	553.710000	721
553.860000	554.190000	722
554.850000	555.440000	723
556.160000	556.220000	724
557.060000	557.190000	725
557.990000	558.050000	726
558.190000	558.710000	727
559.560000	560.150000	728
561.060000	561.260000	729
561.520000	561.630000	730
561.860000	561.950000	731
562.080000	562.290000	732
562.980000	563.130000	733
563.260000	563.870000	734
566.630000	566.950000	735
567.130000	567.500000	736
567.670000	567.810000	737
567.970000	568.320000	738
568.520000	568.730000	739
568.920000	569.000000	740
569.950000	570.070000	741
570.890000	571.060000	742
571.190000	571.330000	743
571.490000	571.680000	744
572.810000	572.880000	745
573.570000	573.840000	746
574.970000	575.380000	747
576.430000	577.210000	748
578.720000	578.910000	749
579.060000	579.390000	750
580.500000	581.320000	751
581.960000	582.660000	752
583.340000	583.930000	753
584.600000	584.810000	754
585.470000	586.260000	755
586.980000	587.810000	756
587.950000	588.340000	757
588.860000	590.350000	758
591.460000	591.760000	759
592.430000	593.190000	760
593.330000	593.550000	761
593.940000	594.010000	762
594.280000	594.420000	763
595.280000	595.470000	764
595.590000	595.830000	765
596.030000	596.290000	766
596.990000	597.310000	767
597.930000	598.750000	768
599.940000	602.710000	769
603.350000	603.370000	770
603.580000	603.650000	771
603.840000	603.940000	772
604.050000	604.190000	773
604.960000	605.000000	774
605.120000	605.130000	775
605.260000	605.440000	776
605.610000	606.690000	777
607.620000	607.730000	778
607.980000	608.090000	779
608.220000	608.690000	780
608.810000	608.820000	781
610.040000	610.120000	782
610.980000	611.320000	783
611.450000	611.650000	784
612.670000	613.140000	785
614.340000	615.010000	786
616.170000	617.200000	787
617.930000	618.150000	788
618.260000	618.990000	789
620.510000	621.120000	790
621.310000	621.780000	791
625.590000	625.800000	792
626.610000	626.860000	793
627.490000	627.730000	794
628.320000	628.420000	795
629.080000	629.370000	796
629.950000	630.070000	797
630.180000	630.480000	798
631.000000	631.660000	799
631.770000	631.820000	800
632.420000	632.940000	801
633.610000	633.670000	802
634.230000	634.710000	803
634.850000	634.860000	804
636.170000	636.390000	805
637.930000	638.220000	806
639.670000	639.960000	807
641.400000	641.440000	808
641.760000	641.890000	809
642.010000	642.020000	810
645.300000	645.610000	811
645.740000	646.060000	812
646.190000	646.300000	813
646.420000	646.730000	814
647.650000	647.900000	815
648.060000	648.310000	816
649.070000	649.330000	817
649.450000	649.720000	818
650.390000	650.630000	819
650.820000	651.080000	820
651.700000	651.830000	821
651.940000	652.410000	822
654.110000	654.220000	823
654.380000	654.480000	824
654.660000	654.760000	825
654.880000	654.970000	826
655.520000	656.300000	827
656.470000	656.630000	828
657.700000	657.970000	829
658.760000	659.070000	830
659.880000	660.270000	831
660.410000	660.510000	832
660.790000	661.020000	833
661.210000	661.410000	834
661.550000	661.630000	835
661.840000	661.910000	836
662.040000	662.200000	837
662.720000	663.000000	838
663.140000	663.880000	839
664.050000	664.210000	840
664.630000	664.660000	841
664.940000	665.580000	842
665.760000	665.910000	843
666.390000	666.420000	844
666.560000	666.810000	845
667.450000	668.180000	846
668.390000	668.800000	847
668.990000	669.430000	848
669.640000	669.790000	849
670.230000	670.390000	850
670.580000	670.790000	851
670.960000	671.470000	852
672.190000	672.340000	853
672.450000	672.830000	854
672.950000	673.030000	855
673.140000	673.570000	856
673.760000	674.010000	857
674.800000	674.810000	858
674.970000	675.320000	859
675.540000	675.710000	860
676.640000	676.760000	861
677.000000	677.190000	862
678.270000	678.370000	863
678.520000	678.660000	864
679.750000	679.920000	865
680.070000	680.490000	866
687.180000	687.740000	867
688.600000	688.950000	868
689.820000	690.070000	869
691.050000	691.170000	870
691.280000	691.410000	871
691.520000	691.580000	872
692.710000	693.280000	873
694.230000	694.330000	874
695.150000	695.190000	875
696.020000	696.030000	876
696.780000	696.990000	877
697.230000	697.500000	878
698.960000	699.270000	879
700.670000	700.920000	880
701.160000	701.170000	881
702.100000	702.320000	882
702.430000	702.990000	883
703.170000	703.660000	884
703.790000	703.900000	885
704.290000	704.700000	886
704.960000	705.040000	887
705.220000	705.580000	888
705.730000	705.870000	889
706.340000	706.680000	890
706.850000	706.970000	891
707.140000	707.210000	892
707.420000	707.670000	893
707.790000	707.860000	894
707.980000	708.120000	895
708.290000	708.960000	896
709.400000	709.560000	897
709.680000	709.940000	898
710.410000	710.440000	899
710.640000	711.050000	900
711.170000	711.230000	901
711.340000	711.440000	902
711.890000	711.970000	903
713.430000	713.680000	904
713.860000	714.070000	905
714.350000	714.670000	906
714.880000	715.400000	907
715.710000	715.940000	908
716.210000	716.880000	909
717.110000	717.130000	910
717.350000	717.430000	911
718.270000	718.590000	912
718.790000	718.900000	913
719.990000	720.500000	914
721.660000	721.750000	915
721.870000	722.140000	916
722.890000	723.930000	917
724.060000	724.170000	918
724.340000	724.920000	919
725.030000	725.230000	920
725.590000	725.710000	921
725.850000	726.040000	922
726.420000	726.810000	923
726.920000	727.370000	924
727.510000	727.660000	925
728.080000	728.310000	926
728.540000	728.750000	927
728.960000	728.970000	928
729.110000	729.260000	929
729.980000	730.420000	930
733.020000	733.080000	931
733.250000	733.290000	932
734.450000	734.650000	933
734.940000	735.000000	934
735.150000	735.280000	935
735.440000	735.640000	936
735.790000	735.890000	937
736.580000	736.630000	938
737.020000	737.480000	939
738.200000	738.990000	940
739.710000	740.170000	941
740.470000	740.930000	942
741.440000	742.540000	943
743.220000	743.460000	944
744.500000	744.780000	945
745.660000	746.470000	946
747.320000	747.590000	947
748.710000	748.850000	948
749.790000	749.930000	949
750.480000	750.810000	950
751.080000	751.280000	951
752.090000	752.350000	952
752.510000	752.670000	953
752.840000	753.200000	954
753.610000	753.780000	955
754.630000	754.800000	956
755.350000	756.760000	957
758.530000	758.920000	958
760.990000	761.060000	959
761.530000	762.220000	960
762.370000	762.660000	961
762.830000	763.040000	962
765.000000	765.280000	963
765.490000	766.570000	964
770.060000	770.290000	965
770.400000	770.460000	966
770.610000	770.800000	967
772.060000	772.140000	968
774.540000	774.550000	969
774.820000	774.870000	970
775.530000	775.770000	971
775.900000	776.020000	972
776.160000	776.310000	973
777.030000	777.070000	974
777.990000	778.340000	975
778.540000	778.680000	976
778.860000	778.930000	977
779.580000	779.610000	978
779.750000	779.940000	979
780.120000	780.640000	980
782.240000	782.400000	981
784.000000	784.240000	982
785.820000	786.190000	983
788.050000	788.670000	984
790.230000	790.300000	985
790.440000	791.170000	986
791.340000	791.510000	987
791.660000	791.870000	988
792.050000	792.090000	989
792.780000	792.970000	990
793.080000	793.570000	991
799.070000	799.710000	992
800.370000	800.600000	993
800.740000	801.210000	994
801.980000	802.040000	995
802.160000	802.350000	996
802.490000	802.640000	997
803.370000	803.440000	998
803.550000	803.830000	999
804.750000	805.270000	1000
805.830000	806.610000	1001
806.740000	806.910000	1002
807.050000	807.190000	1003
807.800000	808.350000	1004
808.830000	809.720000	1005
811.760000	811.980000	1006
812.170000	812.180000	1007
812.600000	812.780000	1008
814.840000	815.250000	1009
815.360000	816.020000	1010
816.150000	816.190000	1011
816.340000	817.190000	1012
817.830000	817.870000	1013
817.980000	818.420000	1014
818.980000	819.060000	1015
819.210000	819.780000	1016
819.900000	820.090000	1017
820.230000	820.430000	1018
820.780000	821.540000	1019
821.670000	821.840000	1020
822.020000	822.170000	1021
822.700000	823.530000	1022
824.110000	824.400000	1023
824.650000	824.880000	1024
824.990000	825.220000	1025
825.380000	825.780000	1026
826.350000	826.550000	1027
826.740000	826.860000	1028
827.050000	827.150000	1029
827.800000	828.030000	1030
828.290000	828.860000	1031
829.360000	829.470000	1032
830.130000	830.220000	1033
830.350000	831.200000	1034
831.370000	831.760000	1035
831.910000	832.050000	1036
832.300000	832.810000	1037
832.930000	833.080000	1038
833.620000	834.180000	1039
834.320000	834.430000	1040
834.560000	834.710000	1041
835.170000	835.220000	1042
835.330000	835.770000	1043
835.950000	836.200000	1044
836.860000	837.150000	1045
837.560000	837.670000	1046
837.780000	838.050000	1047
838.200000	838.220000	1048
838.600000	839.100000	1049
839.340000	840.050000	1050
840.490000	840.690000	1051
840.860000	841.050000	1052
841.180000	841.370000	1053
841.980000	842.150000	1054
842.290000	842.490000	1055
842.950000	843.350000	1056
843.950000	844.490000	1057
845.250000	845.950000	1058
846.080000	846.530000	1059
846.640000	846.970000	1060
847.110000	847.190000	1061
847.380000	847.690000	1062
848.350000	848.620000	1063
848.830000	848.880000	1064
849.310000	849.710000	1065
849.960000	850.280000	1066
850.940000	851.180000	1067
851.320000	851.430000	1068
851.670000	852.020000	1069
852.390000	852.580000	1070
852.750000	852.870000	1071
854.250000	854.670000	1072
855.420000	855.760000	1073
856.490000	856.980000	1074
857.600000	857.620000	1075
858.420000	858.510000	1076
859.280000	859.390000	1077
860.200000	860.250000	1078
861.430000	861.670000	1079
861.860000	861.900000	1080
862.450000	862.690000	1081
862.830000	862.840000	1082
863.340000	863.440000	1083
863.600000	863.960000	1084
864.300000	864.380000	1085
864.640000	864.720000	1086
864.870000	865.180000	1087
865.330000	865.430000	1088
866.170000	866.250000	1089
866.770000	866.870000	1090
867.100000	867.490000	1091
867.840000	868.050000	1092
868.190000	868.310000	1093
869.040000	869.100000	1094
869.210000	869.240000	1095
869.390000	869.990000	1096
870.160000	870.280000	1097
870.730000	871.280000	1098
871.390000	871.520000	1099
871.970000	872.200000	1100
873.400000	873.570000	1101
873.780000	873.930000	1102
874.530000	875.170000	1103
875.910000	876.480000	1104
877.220000	877.370000	1105
877.490000	877.590000	1106
877.720000	877.920000	1107
878.070000	878.550000	1108
879.510000	879.570000	1109
879.780000	879.930000	1110
880.140000	880.570000	1111
881.280000	881.420000	1112
881.630000	881.850000	1113
882.080000	882.180000	1114
882.350000	882.400000	1115
882.820000	883.080000	1116
883.220000	883.530000	1117
883.680000	883.900000	1118
884.530000	884.770000	1119
885.780000	886.110000	1120
886.980000	887.670000	1121
888.010000	888.020000	1122
888.450000	888.620000	1123
891.040000	891.270000	1124
891.460000	891.470000	1125
892.580000	893.300000	1126
893.460000	893.550000	1127
894.670000	895.350000	1128
899.890000	900.090000	1129
901.340000	901.400000	1130
901.550000	901.680000	1131
902.640000	903.190000	1132
903.420000	903.600000	1133
904.660000	904.900000	1134
906.040000	906.220000	1135
906.400000	906.570000	1136
907.370000	907.480000	1137
907.610000	908.050000	1138
908.940000	909.000000	1139
909.110000	909.180000	1140
910.060000	910.130000	1141
911.000000	911.010000	1142
912.620000	912.730000	1143
913.470000	913.580000	1144
914.370000	914.380000	1145
915.560000	915.660000	1146
916.310000	916.360000	1147
916.490000	916.630000	1148
917.620000	917.710000	1149
917.830000	917.860000	1150
917.970000	918.110000	1151
918.340000	918.440000	1152
919.050000	919.490000	1153
919.670000	919.820000	1154
920.550000	921.040000	1155
921.230000	921.250000	1156
921.990000	922.160000	1157
922.830000	922.950000	1158
923.640000	923.670000	1159
923.810000	923.900000	1160
924.160000	924.230000	1161
924.370000	924.490000	1162
925.660000	925.760000	1163
925.880000	925.890000	1164
926.580000	926.690000	1165
926.870000	926.950000	1166
927.070000	927.120000	1167
927.530000	927.950000	1168
928.080000	928.360000	1169
928.870000	929.100000	1170
929.220000	929.370000	1171
929.940000	930.180000	1172
930.290000	930.370000	1173
931.120000	931.300000	1174
931.410000	931.880000	1175
932.710000	933.090000	1176
933.230000	933.330000	1177
934.030000	934.640000	1178
935.300000	935.360000	1179
935.500000	936.120000	1180
936.860000	937.030000	1181
937.140000	937.230000	1182
937.470000	938.130000	1183
938.270000	938.300000	1184
938.460000	938.540000	1185
939.460000	939.540000	1186
940.270000	940.400000	1187
940.980000	941.060000	1188
941.170000	941.330000	1189
941.930000	942.010000	1190
942.150000	942.310000	1191
942.890000	942.950000	1192
943.070000	943.250000	1193
943.720000	943.820000	1194
944.530000	944.710000	1195
945.830000	946.120000	1196
947.940000	948.250000	1197
949.710000	949.840000	1198
951.770000	951.780000	1199
952.910000	952.980000	1200
953.090000	953.220000	1201
954.520000	954.920000	1202
955.090000	955.150000	1203
958.100000	958.170000	1204
958.280000	958.430000	1205
958.600000	958.720000	1206
959.010000	959.020000	1207
960.720000	961.820000	1208
961.930000	962.040000	1209
962.880000	963.390000	1210
963.520000	963.620000	1211
963.730000	963.800000	1212
963.970000	964.020000	1213
964.200000	964.210000	1214
964.320000	964.340000	1215
964.490000	964.580000	1216
964.690000	964.870000	1217
965.240000	965.310000	1218
965.580000	965.590000	1219
966.730000	967.270000	1220
967.440000	967.650000	1221
968.400000	968.630000	1222
969.310000	969.460000	1223
969.590000	969.940000	1224
970.860000	970.950000	1225
971.600000	971.620000	1226
971.760000	971.990000	1227
972.110000	972.260000	1228
972.520000	972.580000	1229
974.180000	974.220000	1230
974.330000	974.450000	1231
974.730000	974.830000	1232
975.980000	976.030000	1233
976.860000	977.230000	1234
978.810000	979.220000	1235
980.140000	980.180000	1236
982.250000	982.260000	1237
982.420000	982.770000	1238
982.990000	983.130000	1239
983.760000	984.520000	1240
984.700000	984.880000	1241
985.490000	985.950000	1242
986.800000	987.020000	1243
987.150000	987.260000	1244
987.440000	987.640000	1245
987.790000	987.860000	1246
988.780000	988.880000	1247
989.570000	989.750000	1248
990.720000	991.350000	1249
992.210000	993.230000	1250
993.920000	994.170000	1251
994.310000	994.450000	1252
995.790000	995.950000	1253
996.060000	996.300000	1254
998.680000	998.950000	1255
999.150000	999.350000	1256
999.670000	999.880000	1257
1000.030000	1000.180000	1258
1000.420000	1000.620000	1259
1000.760000	1000.830000	1260
1002.310000	1002.400000	1261
1002.590000	1003.020000	1262
1003.270000	1003.400000	1263
1004.490000	1004.710000	1264
1005.860000	1006.160000	1265
1007.160000	1007.810000	1266
1008.770000	1009.160000	1267
1009.330000	1009.420000	1268
1009.590000	1009.610000	1269
1011.580000	1011.600000	1270
1012.470000	1012.790000	1271
1013.060000	1013.070000	1272
1013.540000	1013.550000	1273
1013.720000	1013.840000	1274
1013.950000	1014.690000	1275
1015.630000	1016.290000	1276
1016.430000	1016.560000	1277
1017.570000	1018.100000	1278
1018.210000	1018.400000	1279
1019.280000	1020.030000	1280
1020.840000	1021.420000	1281
1021.640000	1021.870000	1282
1022.480000	1022.650000	1283
1022.800000	1022.900000	1284
1023.120000	1023.300000	1285
1023.430000	1023.510000	1286
1024.380000	1024.500000	1287
1024.620000	1024.850000	1288
1025.930000	1026.290000	1289
1027.370000	1027.680000	1290
1028.530000	1028.650000	1291
1028.810000	1029.060000	1292
1030.160000	1030.440000	1293
1031.360000	1031.680000	1294
1031.880000	1032.800000	1295
1032.990000	1033.080000	1296
1033.220000	1033.240000	1297
1033.370000	1033.450000	1298
1033.640000	1033.660000	1299
1033.770000	1034.030000	1300
1034.890000	1035.620000	1301
1035.760000	1036.090000	1302
1037.470000	1038.160000	1303
1038.560000	1038.580000	1304
1039.200000	1039.240000	1305
1039.510000	1040.180000	1306
1040.900000	1040.910000	1307
1041.050000	1041.130000	1308
1041.250000	1041.360000	1309
1041.490000	1041.650000	1310
1041.760000	1041.990000	1311
1042.790000	1043.200000	1312
1043.380000	1043.430000	1313
1044.380000	1044.580000	1314
1044.700000	1044.980000	1315
1045.120000	1045.150000	1316
1045.330000	1045.430000	1317
1046.350000	1046.900000	1318
1047.170000	1047.370000	1319
1047.480000	1047.540000	1320
1048.080000	1048.130000	1321
1048.260000	1048.870000	1322
1049.030000	1049.760000	1323
1050.440000	1050.890000	1324
1051.070000	1051.710000	1325
1052.230000	1053.470000	1326
1054.230000	1054.260000	1327
1054.440000	1054.450000	1328
1054.600000	1054.690000	1329
1054.910000	1055.070000	1330
1055.610000	1055.670000	1331
1055.840000	1055.950000	1332
1056.080000	1056.320000	1333
1056.560000	1056.630000	1334
1057.100000	1057.920000	1335
1058.820000	1058.830000	1336
1059.470000	1059.920000	1337
1060.870000	1061.240000	1338
1062.250000	1062.990000	1339
1063.530000	1064.500000	1340
1064.920000	1065.410000	1341
1065.570000	1065.730000	1342
1065.880000	1065.990000	1343
1066.170000	1066.340000	1344
1067.190000	1067.400000	1345
1068.170000	1069.110000	1346
1069.770000	1070.590000	1347
1071.060000	1071.800000	1348
1072.190000	1072.720000	1349
1072.930000	1073.410000	1350
1074.590000	1074.620000	1351
1074.740000	1074.980000	1352
1075.940000	1076.080000	1353
1076.310000	1076.510000	1354
1076.700000	1076.740000	1355
1077.320000	1077.330000	1356
1079.320000	1079.620000	1357
1079.740000	1079.820000	1358
1079.940000	1080.330000	1359
1081.430000	1082.450000	1360
1083.260000	1083.380000	1361
1083.530000	1084.570000	1362
1084.730000	1085.000000	1363
1085.640000	1085.840000	1364
1085.990000	1086.240000	1365
1086.410000	1086.420000	1366
1086.910000	1087.590000	1367
1087.700000	1087.810000	1368
1087.960000	1089.100000	1369
1089.480000	1089.630000	1370
1089.800000	1089.930000	1371
1090.170000	1090.250000	1372
1090.550000	1090.800000	1373
1090.960000	1091.030000	1374
1091.300000	1091.360000	1375
1091.560000	1091.630000	1376
1091.810000	1091.920000	1377
1092.280000	1092.650000	1378
1092.860000	1093.130000	1379
1093.290000	1093.430000	1380
1094.060000	1095.470000	1381
1096.000000	1096.230000	1382
1097.040000	1097.270000	1383
1097.820000	1098.070000	1384
1098.440000	1098.540000	1385
1098.680000	1098.830000	1386
1098.980000	1099.160000	1387
1099.290000	1099.380000	1388
1099.500000	1099.560000	1389
1100.240000	1100.510000	1390
1100.670000	1100.820000	1391
1101.150000	1101.290000	1392
1101.930000	1102.530000	1393
1103.080000	1103.270000	1394
1103.770000	1103.870000	1395
1104.110000	1104.290000	1396
1104.910000	1105.030000	1397
1105.610000	1105.850000	1398
1106.790000	1106.820000	1399
1107.170000	1107.710000	1400
1107.840000	1108.260000	1401
1108.610000	1108.960000	1402
1109.340000	1109.770000	1403
1110.110000	1110.680000	1404
1110.980000	1111.080000	1405
1111.650000	1112.000000	1406
1112.120000	1112.130000	1407
1112.630000	1112.880000	1408
1113.110000	1113.170000	1409
1113.340000	1113.350000	1410
1113.610000	1113.820000	1411
1114.170000	1114.280000	1412
1114.430000	1114.620000	1413
1115.080000	1115.250000	1414
1115.490000	1115.670000	1415
1116.310000	1116.430000	1416
1116.600000	1117.410000	1417
1117.870000	1118.570000	1418
1118.700000	1118.770000	1419
1118.880000	1118.910000	1420
1119.180000	1119.640000	1421
1120.050000	1120.440000	1422
1120.890000	1120.950000	1423
1121.060000	1121.090000	1424
1121.260000	1121.330000	1425
1121.450000	1121.540000	1426
1121.650000	1121.910000	1427
1122.450000	1122.690000	1428
1122.820000	1122.960000	1429
1123.210000	1123.230000	1430
1123.780000	1123.950000	1431
1124.080000	1124.640000	1432
1125.050000	1125.550000	1433
1125.950000	1126.250000	1434
1126.870000	1127.510000	1435
1127.890000	1128.140000	1436
1128.260000	1128.650000	1437
1129.150000	1129.790000	1438
1130.350000	1131.040000	1439
1131.190000	1131.280000	1440
1131.410000	1131.490000	1441
1131.980000	1132.200000	1442
1132.750000	1133.300000	1443
1133.770000	1134.270000	1444
1134.530000	1134.600000	1445
1135.060000	1135.110000	1446
1135.450000	1135.940000	1447
1136.050000	1136.280000	1448
1136.390000	1136.610000	1449
1137.610000	1137.830000	1450
1138.550000	1138.560000	1451
1138.840000	1139.180000	1452
1140.140000	1140.350000	1453
1140.480000	1140.530000	1454
1141.540000	1141.750000	1455
1141.920000	1142.070000	1456
1142.790000	1143.010000	1457
1143.160000	1143.440000	1458
1144.270000	1144.380000	1459
1144.500000	1144.650000	1460
1145.400000	1145.770000	1461
1146.860000	1146.900000	1462
1147.030000	1147.080000	1463
1148.720000	1148.770000	1464
1148.910000	1148.980000	1465
1150.930000	1151.040000	1466
1152.410000	1152.520000	1467
1152.650000	1152.820000	1468
1152.950000	1152.980000	1469
1153.320000	1153.350000	1470
1154.010000	1154.310000	1471
1154.430000	1154.550000	1472
1154.690000	1155.210000	1473
1156.050000	1156.700000	1474
1157.690000	1157.990000	1475
1158.410000	1158.590000	1476
1159.360000	1159.630000	1477
1160.230000	1160.470000	1478
1162.220000	1162.310000	1479
1162.790000	1162.800000	1480
1162.990000	1163.110000	1481
1163.230000	1163.610000	1482
1164.040000	1164.090000	1483
1164.200000	1164.210000	1484
1164.340000	1164.920000	1485
1165.930000	1166.310000	1486
1167.380000	1167.500000	1487
1167.640000	1167.730000	1488
1167.890000	1168.120000	1489
1169.630000	1169.860000	1490
1170.650000	1170.730000	1491
1170.890000	1171.240000	1492
1171.820000	1172.280000	1493
1173.110000	1173.380000	1494
1173.500000	1173.520000	1495
1173.750000	1174.460000	1496
1175.050000	1175.650000	1497
1175.960000	1176.200000	1498
1177.130000	1177.330000	1499
1178.130000	1178.290000	1500
1178.410000	1178.480000	1501
1178.600000	1178.710000	1502
1178.830000	1178.850000	1503
1179.210000	1179.360000	1504
1179.530000	1179.670000	1505
1180.380000	1181.000000	1506
1181.660000	1181.750000	1507
1181.860000	1182.020000	1508
1182.610000	1182.710000	1509
1182.860000	1182.940000	1510
1183.290000	1183.450000	1511
1184.790000	1184.890000	1512
1185.670000	1185.750000	1513
1185.880000	1186.090000	1514
1186.330000	1186.360000	1515
1186.990000	1187.100000	1516
1187.270000	1187.470000	1517
1188.110000	1188.530000	1518
1188.650000	1188.740000	1519
1188.900000	1189.190000	1520
1189.840000	1189.920000	1521
1190.110000	1190.500000	1522
1191.250000	1191.370000	1523
1191.480000	1192.010000	1524
1192.910000	1193.370000	1525
1194.800000	1195.290000	1526
1195.450000	1195.460000	1527
1196.190000	1196.560000	1528
1197.190000	1197.590000	1529
1198.310000	1198.760000	1530
1201.160000	1201.500000	1531
1202.530000	1202.930000	1532
1203.060000	1203.160000	1533
1204.050000	1204.300000	1534
1204.450000	1204.520000	1535
1204.670000	1204.830000	1536
1204.980000	1205.080000	1537
1205.190000	1205.250000	1538
1209.690000	1209.890000	1539
1210.360000	1210.410000	1540
1211.510000	1211.540000	1541
1212.100000	1212.740000	1542
1213.590000	1213.940000	1543
1214.060000	1214.360000	1544
1214.500000	1214.630000	1545
1215.310000	1215.780000	1546
1216.500000	1216.710000	1547
1216.820000	1216.920000	1548
1217.060000	1217.250000	1549
1217.370000	1217.450000	1550
1217.610000	1217.850000	1551
1218.380000	1218.390000	1552
1218.520000	1218.820000	1553
1219.470000	1219.780000	1554
1220.730000	1220.810000	1555
1221.220000	1221.360000	1556
1221.550000	1221.580000	1557
1221.720000	1221.760000	1558
1221.890000	1221.970000	1559
1222.190000	1222.310000	1560
1224.390000	1224.600000	1561
1225.450000	1225.700000	1562
1225.810000	1225.820000	1563
1226.710000	1227.010000	1564
1228.290000	1228.300000	1565
1228.550000	1228.560000	1566
1229.890000	1230.210000	1567
1230.350000	1230.510000	1568
1231.290000	1231.300000	1569
1232.060000	1232.260000	1570
1233.140000	1233.380000	1571
1235.840000	1235.930000	1572
1239.310000	1239.400000	1573
1240.080000	1240.160000	1574
1240.960000	1241.010000	1575
1241.740000	1242.180000	1576
1242.940000	1243.120000	1577
1243.270000	1243.280000	1578
1244.570000	1244.590000	1579
1245.470000	1245.820000	1580
1247.170000	1247.570000	1581
1248.310000	1248.430000	1582
1248.560000	1249.040000	1583
1249.160000	1249.260000	1584
1249.560000	1249.630000	1585
1250.160000	1250.390000	1586
1250.540000	1250.630000	1587
1250.920000	1251.000000	1588
1251.210000	1251.230000	1589
1251.860000	1252.530000	1590
1253.080000	1253.430000	1591
1253.550000	1253.730000	1592
1254.450000	1255.350000	1593
1255.920000	1256.270000	1594
1256.480000	1256.680000	1595
1256.890000	1257.720000	1596
1257.850000	1258.350000	1597
1259.140000	1259.200000	1598
1259.330000	1259.450000	1599
1260.990000	1261.030000	1600
1263.840000	1263.910000	1601
1268.180000	1268.240000	1602
1273.710000	1273.770000	1603
1273.950000	1273.980000	1604
1275.420000	1275.540000	1605
1276.850000	1277.010000	1606
1278.310000	1278.330000	1607
1278.460000	1278.780000	1608
1278.940000	1279.100000	1609
1279.960000	1280.130000	1610
1280.290000	1280.490000	1611
1280.610000	1280.990000	1612
1281.890000	1282.070000	1613
1282.220000	1282.510000	1614
1283.350000	1283.510000	1615
1283.850000	1284.300000	1616
1284.470000	1284.640000	1617
1285.610000	1285.720000	1618
1285.890000	1286.440000	1619
1286.590000	1286.710000	1620
1287.310000	1287.350000	1621
1287.670000	1287.930000	1622
1288.840000	1288.920000	1623
1289.030000	1289.520000	1624
1290.230000	1290.310000	1625
1290.520000	1290.530000	1626
1290.720000	1290.780000	1627
1292.620000	1292.840000	1628
1294.830000	1295.180000	1629
1295.650000	1295.810000	1630
1296.000000	1296.110000	1631
1296.270000	1296.340000	1632
1297.140000	1297.210000	1633
1297.370000	1297.570000	1634
1298.670000	1298.950000	1635
1299.970000	1300.250000	1636
1301.300000	1301.310000	1637
1304.740000	1305.230000	1638
1306.330000	1306.440000	1639
1306.590000	1306.870000	1640
1307.200000	1307.510000	1641
1308.390000	1309.410000	1642
1309.550000	1309.730000	1643
1309.870000	1310.160000	1644
1310.390000	1310.760000	1645
1311.160000	1311.260000	1646
1311.370000	1311.790000	1647
1311.990000	1312.370000	1648
1313.360000	1313.760000	1649
1313.910000	1313.980000	1650
1314.160000	1314.300000	1651
1315.140000	1316.110000	1652
1316.870000	1317.260000	1653
1317.840000	1318.150000	1654
1318.370000	1318.510000	1655
1318.730000	1319.030000	1656
1319.730000	1320.120000	1657
1321.130000	1321.290000	1658
1321.400000	1321.520000	1659
1323.030000	1323.210000	1660
1324.760000	1324.780000	1661
1326.240000	1326.500000	1662
1326.990000	1327.250000	1663
1327.440000	1327.550000	1664
1328.270000	1328.330000	1665
1329.690000	1330.510000	1666
1331.360000	1331.650000	1667
1331.810000	1331.980000	1668
1333.540000	1333.700000	1669
1334.560000	1335.180000	1670
1336.760000	1336.870000	1671
1337.010000	1337.110000	1672
1337.280000	1338.610000	1673
1339.100000	1339.250000	1674
1339.430000	1340.060000	1675
1340.220000	1340.490000	1676
1341.240000	1341.510000	1677
1342.160000	1342.870000	1678
1343.420000	1343.480000	1679
1343.840000	1343.910000	1680
1344.070000	1344.380000	1681
1344.520000	1344.600000	1682
1345.550000	1345.650000	1683
1345.820000	1346.250000	1684
1347.320000	1347.480000	1685
1347.810000	1347.880000	1686
1348.630000	1348.770000	1687
1348.920000	1349.070000	1688
1349.240000	1349.260000	1689
1349.910000	1349.920000	1690
1350.740000	1350.780000	1691
1351.420000	1351.650000	1692
1351.800000	1351.880000	1693
1352.160000	1352.820000	1694
1353.480000	1353.860000	1695
1354.000000	1354.110000	1696
1354.270000	1354.300000	1697
1354.430000	1354.680000	1698
1355.470000	1355.830000	1699
1355.950000	1356.130000	1700
1356.850000	1356.860000	1701
1357.010000	1357.270000	1702
1357.720000	1358.030000	1703
1358.160000	1359.060000	1704
1359.690000	1360.430000	1705
1360.590000	1360.780000	1706
1360.940000	1361.340000	1707
1362.020000	1362.060000	1708
1362.170000	1362.820000	1709
1363.330000	1363.480000	1710
1363.710000	1363.820000	1711
1364.230000	1364.260000	1712
1364.390000	1364.700000	1713
1365.460000	1366.160000	1714
1366.270000	1366.390000	1715
1366.500000	1366.700000	1716
1367.330000	1368.160000	1717
1368.820000	1369.010000	1718
1369.690000	1370.050000	1719
1370.200000	1370.230000	1720
1370.820000	1370.870000	1721
1370.980000	1372.250000	1722
1373.170000	1373.440000	1723
1373.890000	1374.410000	1724
1375.120000	1376.070000	1725
1376.940000	1377.100000	1726
1377.210000	1377.540000	1727
1378.530000	1378.780000	1728
1379.400000	1379.780000	1729
1380.910000	1380.940000	1730
1381.080000	1381.250000	1731
1381.370000	1381.480000	1732
1381.610000	1381.620000	1733
1381.880000	1381.950000	1734
1382.060000	1382.440000	1735
1382.550000	1382.750000	1736
1383.680000	1383.690000	1737
1383.910000	1384.740000	1738
1385.530000	1385.570000	1739
1385.700000	1385.860000	1740
1386.020000	1386.110000	1741
1386.440000	1386.670000	1742
1387.580000	1388.070000	1743
1388.190000	1388.670000	1744
1389.510000	1390.510000	1745
1391.700000	1391.890000	1746
1392.020000	1392.260000	1747
1392.370000	1392.770000	1748
1393.570000	1393.830000	1749
1393.940000	1394.070000	1750
1394.220000	1394.340000	1751
1394.670000	1394.790000	1752
1394.960000	1395.200000	1753
1396.430000	1396.530000	1754
1396.720000	1396.950000	1755
1397.110000	1397.160000	1756
1397.290000	1397.320000	1757
1397.440000	1397.550000	1758
1397.670000	1397.700000	1759
1397.960000	1398.220000	1760
1399.510000	1400.250000	1761
1400.950000	1401.090000	1762
1401.200000	1401.770000	1763
1402.510000	1402.670000	1764
1402.820000	1402.980000	1765
1403.840000	1404.030000	1766
1404.710000	1404.830000	1767
1404.990000	1405.280000	1768
1405.880000	1406.010000	1769
1406.980000	1407.290000	1770
1407.440000	1407.470000	1771
1408.280000	1408.330000	1772
1408.920000	1409.140000	1773
1410.030000	1410.170000	1774
1410.440000	1410.750000	1775
1410.860000	1411.030000	1776
1411.170000	1411.520000	1777
1411.910000	1412.330000	1778
1412.440000	1412.570000	1779
1412.810000	1413.070000	1780
1413.580000	1413.840000	1781
1413.970000	1414.030000	1782
1414.420000	1414.620000	1783
1415.210000	1415.440000	1784
1416.200000	1416.510000	1785
1417.150000	1417.330000	1786
1418.120000	1418.480000	1787
1419.940000	1420.130000	1788
1420.260000	1420.510000	1789
1420.930000	1421.090000	1790
1421.230000	1421.720000	1791
1422.060000	1422.270000	1792
1422.390000	1422.690000	1793
1422.810000	1423.050000	1794
1423.630000	1424.520000	1795
1424.650000	1424.870000	1796
1425.300000	1425.670000	1797
1426.320000	1426.740000	1798
1427.090000	1427.310000	1799
1428.000000	1428.720000	1800
1429.310000	1429.750000	1801
1430.400000	1430.810000	1802
1431.460000	1431.700000	1803
1432.690000	1433.170000	1804
1433.360000	1433.490000	1805
1434.060000	1434.210000	1806
1434.930000	1435.150000	1807
1435.820000	1435.920000	1808
1436.140000	1436.150000	1809
1436.370000	1436.590000	1810
1437.440000	1437.690000	1811
1438.620000	1439.130000	1812
1440.020000	1440.130000	1813
1440.330000	1440.830000	1814
1440.950000	1441.230000	1815
1442.430000	1442.530000	1816
1443.320000	1444.060000	1817
1444.180000	1444.430000	1818
1445.040000	1445.130000	1819
1445.870000	1446.080000	1820
1446.760000	1446.910000	1821
1447.430000	1447.980000	1822
1448.120000	1448.600000	1823
1448.720000	1448.990000	1824
1451.600000	1451.700000	1825
1451.940000	1452.730000	1826
1452.850000	1453.030000	1827
1453.580000	1454.270000	1828
1454.400000	1454.640000	1829
1454.800000	1454.820000	1830
1455.490000	1455.570000	1831
1455.700000	1455.990000	1832
1456.150000	1456.610000	1833
1456.750000	1457.450000	1834
1457.950000	1458.380000	1835
1459.160000	1459.570000	1836
1460.610000	1461.180000	1837
1462.120000	1462.470000	1838
1463.700000	1463.710000	1839
1464.740000	1464.750000	1840
1464.940000	1465.220000	1841
1465.340000	1465.750000	1842
1465.890000	1466.060000	1843
1466.880000	1467.480000	1844
1471.580000	1472.780000	1845
1473.310000	1474.210000	1846
1474.660000	1474.680000	1847
1474.790000	1475.150000	1848
1475.960000	1476.550000	1849
1476.690000	1476.800000	1850
1476.960000	1477.060000	1851
1477.240000	1477.570000	1852
1477.810000	1478.040000	1853
1478.280000	1479.580000	1854
1480.480000	1480.750000	1855
1481.750000	1482.100000	1856
1482.780000	1483.010000	1857
1483.650000	1484.350000	1858
1484.900000	1485.070000	1859
1485.180000	1485.250000	1860
1485.380000	1485.640000	1861
1485.750000	1485.790000	1862
1485.950000	1486.220000	1863
1486.820000	1487.220000	1864
1487.400000	1487.700000	1865
1488.370000	1488.590000	1866
1488.770000	1488.980000	1867
1489.120000	1489.260000	1868
1489.750000	1489.960000	1869
1490.150000	1490.740000	1870
1490.860000	1490.930000	1871
1491.580000	1491.940000	1872
1493.610000	1493.910000	1873
1495.910000	1495.970000	1874
1496.100000	1496.110000	1875
1497.120000	1497.130000	1876
1498.530000	1498.620000	1877
1498.740000	1498.940000	1878
1499.720000	1500.010000	1879
1501.160000	1501.540000	1880
1502.750000	1503.220000	1881
1503.630000	1504.140000	1882
1504.260000	1504.570000	1883
1505.640000	1505.790000	1884
1506.510000	1506.680000	1885
1507.430000	1507.480000	1886
1508.280000	1508.450000	1887
1509.250000	1509.630000	1888
1510.340000	1510.800000	1889
1511.430000	1511.840000	1890
1512.600000	1513.000000	1891
1513.180000	1513.560000	1892
1514.110000	1514.180000	1893
1514.320000	1514.590000	1894
1514.700000	1514.710000	1895
1515.400000	1515.540000	1896
1515.670000	1515.990000	1897
1517.400000	1517.870000	1898
1518.620000	1518.710000	1899
1519.350000	1519.490000	1900
1519.620000	1520.440000	1901
1520.590000	1520.770000	1902
1521.010000	1521.280000	1903
1522.140000	1522.440000	1904
1523.240000	1523.700000	1905
1524.030000	1524.520000	1906
1524.660000	1525.030000	1907
1525.580000	1525.800000	1908
1526.440000	1526.990000	1909
1527.130000	1527.560000	1910
1527.690000	1528.400000	1911
1528.510000	1528.960000	1912
1529.280000	1529.720000	1913
1529.850000	1530.020000	1914
1530.400000	1530.490000	1915
1530.930000	1531.630000	1916
1531.960000	1532.760000	1917
1533.020000	1534.000000	1918
1534.310000	1534.490000	1919
1534.610000	1534.680000	1920
1535.060000	1535.190000	1921
1535.310000	1535.480000	1922
1535.740000	1535.970000	1923
1536.290000	1536.930000	1924
1537.370000	1537.660000	1925
1537.790000	1538.080000	1926
1538.640000	1538.930000	1927
1539.430000	1539.590000	1928
1539.760000	1540.050000	1929
1540.210000	1540.400000	1930
1541.030000	1541.380000	1931
1541.500000	1541.510000	1932
1542.070000	1542.640000	1933
1543.080000	1543.540000	1934
1543.880000	1544.200000	1935
1544.600000	1545.050000	1936
1545.370000	1546.340000	1937
1547.150000	1547.640000	1938
1549.080000	1550.040000	1939
1550.320000	1550.720000	1940
1551.410000	1551.620000	1941
1552.350000	1552.470000	1942
1553.700000	1554.680000	1943
1555.200000	1555.730000	1944
1557.370000	1557.400000	1945
1558.130000	1558.370000	1946
1559.050000	1559.310000	1947
1560.340000	1560.610000	1948
1561.560000	1561.740000	1949
1561.850000	1562.130000	1950
1562.650000	1562.830000	1951
1562.960000	1563.440000	1952
1563.570000	1563.710000	1953
1563.940000	1564.160000	1954
1564.290000	1564.670000	1955
1565.090000	1565.680000	1956
1565.810000	1566.060000	1957
1566.620000	1567.750000	1958
1567.880000	1568.210000	1959
1568.430000	1568.440000	1960
1568.590000	1568.790000	1961
1568.910000	1568.920000	1962
1569.520000	1569.630000	1963
1569.740000	1569.840000	1964
1570.020000	1570.150000	1965
1570.270000	1570.400000	1966
1571.100000	1571.270000	1967
1571.410000	1571.580000	1968
1571.880000	1571.980000	1969
1572.130000	1572.400000	1970
1572.540000	1572.600000	1971
1573.450000	1573.930000	1972
1574.070000	1574.170000	1973
1574.310000	1574.950000	1974
1576.680000	1576.840000	1975
1576.980000	1577.190000	1976
1577.370000	1577.520000	1977
1577.720000	1578.060000	1978
1580.640000	1580.830000	1979
1581.590000	1581.970000	1980
1582.150000	1582.340000	1981
1583.740000	1583.760000	1982
1583.930000	1583.990000	1983
1584.130000	1584.190000	1984
1584.380000	1584.520000	1985
1585.640000	1586.020000	1986
1586.210000	1586.470000	1987
1587.410000	1588.310000	1988
1588.450000	1588.800000	1989
1589.320000	1589.630000	1990
1589.750000	1589.760000	1991
1589.910000	1590.000000	1992
1590.380000	1590.440000	1993
1590.900000	1590.970000	1994
1591.650000	1592.090000	1995
1592.230000	1592.600000	1996
1592.780000	1593.100000	1997
1593.520000	1593.710000	1998
1593.860000	1594.000000	1999
1594.120000	1594.270000	2000
1594.470000	1594.680000	2001
1595.520000	1595.680000	2002
1595.870000	1596.950000	2003
1597.110000	1597.210000	2004
1598.060000	1598.070000	2005
1598.180000	1598.440000	2006
1598.610000	1598.690000	2007
1599.010000	1599.170000	2008
1600.350000	1600.610000	2009
1600.720000	1601.100000	2010
1602.910000	1603.040000	2011
1603.270000	1603.580000	2012
1603.800000	1603.890000	2013
1604.190000	1604.430000	2014
1604.620000	1604.780000	2015
1604.910000	1605.020000	2016
1605.210000	1605.530000	2017
1606.380000	1606.450000	2018
1606.610000	1606.720000	2019
1606.880000	1607.070000	2020
1608.270000	1608.330000	2021
1608.970000	1609.160000	2022
1609.330000	1609.430000	2023
1609.610000	1609.830000	2024
1610.640000	1610.900000	2025
1611.080000	1611.240000	2026
1611.930000	1611.970000	2027
1612.260000	1612.420000	2028
1613.270000	1613.340000	2029
1613.570000	1613.680000	2030
1625.700000	1625.770000	2031
1626.240000	1626.250000	2032
1636.050000	1636.510000	2033
1636.860000	1637.200000	2034
1637.320000	1637.370000	2035
1637.540000	1637.590000	2036
1637.760000	1637.970000	2037
1638.080000	1638.190000	2038
1638.780000	1638.790000	2039
1639.880000	1639.920000	2040
1640.060000	1640.220000	2041
1640.420000	1640.560000	2042
1640.950000	1641.190000	2043
1641.440000	1641.510000	2044
1641.790000	1641.960000	2045
1642.120000	1642.260000	2046
1644.340000	1644.770000	2047
1644.960000	1645.010000	2048
1645.410000	1645.460000	2049
1645.620000	1646.110000	2050
1646.750000	1646.980000	2051
1647.240000	1647.750000	2052
1648.290000	1648.490000	2053
1649.140000	1649.410000	2054
1650.150000	1650.200000	2055
1650.380000	1651.400000	2056
1651.550000	1651.940000	2057
1652.170000	1652.310000	2058
1652.530000	1652.710000	2059
1652.820000	1652.980000	2060
1653.160000	1653.280000	2061
1655.130000	1655.260000	2062
1655.490000	1655.680000	2063
1657.540000	1659.240000	2064
1659.440000	1659.560000	2065
1659.700000	1660.090000	2066
1660.630000	1661.120000	2067
1661.270000	1661.400000	2068
1661.700000	1661.930000	2069
1662.210000	1662.390000	2070
1662.550000	1662.630000	2071
1662.790000	1662.970000	2072
1663.420000	1663.920000	2073
1664.220000	1664.460000	2074
1664.580000	1664.820000	2075
1665.040000	1665.140000	2076
1665.330000	1665.370000	2077
1665.800000	1665.910000	2078
1666.070000	1666.880000	2079
1667.080000	1667.160000	2080
1667.300000	1667.320000	2081
1667.660000	1667.750000	2082
1667.880000	1668.480000	2083
1668.610000	1668.700000	2084
1669.080000	1669.270000	2085
1669.390000	1669.920000	2086
1670.080000	1670.520000	2087
1670.840000	1671.600000	2088
1671.720000	1671.980000	2089
1672.450000	1673.230000	2090
1673.380000	1673.420000	2091
1673.880000	1674.360000	2092
1674.530000	1674.910000	2093
1675.390000	1675.690000	2094
1675.990000	1676.220000	2095
1676.800000	1677.230000	2096
1677.380000	1677.510000	2097
1677.670000	1677.880000	2098
1678.010000	1678.200000	2099
1678.510000	1678.780000	2100
1678.890000	1679.660000	2101
1679.780000	1681.010000	2102
1681.390000	1681.570000	2103
1681.860000	1682.000000	2104
1682.620000	1683.060000	2105
1683.560000	1683.610000	2106
1683.770000	1683.940000	2107
1684.180000	1684.310000	2108
1684.670000	1684.740000	2109
1684.850000	1685.220000	2110
1686.170000	1686.210000	2111
1686.410000	1686.590000	2112
1686.770000	1687.250000	2113
1687.360000	1687.630000	2114
1687.790000	1687.870000	2115
1688.380000	1688.870000	2116
1689.170000	1689.270000	2117
1689.870000	1690.140000	2118
1690.680000	1690.770000	2119
1690.970000	1691.080000	2120
1691.580000	1691.640000	2121
1691.790000	1692.150000	2122
1692.540000	1693.270000	2123
1693.430000	1693.580000	2124
1693.950000	1694.050000	2125
1694.410000	1694.750000	2126
1695.620000	1696.950000	2127
1697.160000	1697.170000	2128
1697.320000	1697.380000	2129
1697.670000	1698.120000	2130
1698.240000	1698.700000	2131
1699.000000	1699.590000	2132
1699.730000	1699.740000	2133
1699.890000	1700.440000	2134
1700.620000	1700.890000	2135
1701.490000	1702.090000	2136
1702.290000	1702.430000	2137
1702.570000	1702.800000	2138
